KNNGRASP-RVND_KDD_RODADA_2_5F_	ACURÁCIA	DETECÇÃO	ALARME-FALSO	SELECAO
KNNGRASP-RVND_KDD_RODADA_2_5F_(1)	81.68914031982422	22.132526397705078	0.07210548222064972	[10, 3, 39, 24, 36]	
KNNGRASP-RVND_KDD_RODADA_2_5F_(2)	81.68914031982422	22.132526397705078	0.07210548222064972	[10, 3, 39, 24, 36]	
KNNGRASP-RVND_KDD_RODADA_2_5F_(3)	81.68914031982422	22.132526397705078	0.07210548222064972	[10, 3, 39, 24, 36]	
KNNGRASP-RVND_KDD_RODADA_2_5F_(4)	81.68914031982422	22.132526397705078	0.07210548222064972	[10, 3, 39, 24, 36]	
KNNGRASP-RVND_KDD_RODADA_2_5F_(5)	81.68914031982422	22.132526397705078	0.07210548222064972	[10, 3, 39, 24, 36]	
KNNGRASP-RVND_KDD_RODADA_2_5F_(6)	83.24264526367188	28.859737396240234	0.10300783067941666	[3, 6, 23, 10, 14]	
KNNGRASP-RVND_KDD_RODADA_2_5F_(7)	83.24264526367188	28.859737396240234	0.10300783067941666	[3, 6, 23, 10, 14]	
KNNGRASP-RVND_KDD_RODADA_2_5F_(8)	83.24264526367188	28.859737396240234	0.10300783067941666	[3, 6, 23, 10, 14]	
KNNGRASP-RVND_KDD_RODADA_2_5F_(9)	85.12735748291016	37.43693161010742	0.2678203582763672	[23, 6, 10, 3, 37]	
KNNGRASP-RVND_KDD_RODADA_2_5F_(10)	85.12735748291016	37.43693161010742	0.2678203582763672	[23, 6, 10, 3, 37]	
KNNGRASP-RVND_KDD_RODADA_2_5F_(11)	85.12735748291016	37.43693161010742	0.2678203582763672	[23, 6, 10, 3, 37]	
KNNGRASP-RVND_KDD_RODADA_2_5F_(12)	85.12735748291016	37.43693161010742	0.2678203582763672	[23, 6, 10, 3, 37]	
KNNGRASP-RVND_KDD_RODADA_2_5F_(13)	85.12735748291016	37.43693161010742	0.2678203582763672	[23, 6, 10, 3, 37]	
KNNGRASP-RVND_KDD_RODADA_2_5F_(14)	85.12735748291016	37.43693161010742	0.2678203582763672	[23, 6, 10, 3, 37]	
KNNGRASP-RVND_KDD_RODADA_2_5F_(15)	85.12735748291016	37.43693161010742	0.2678203582763672	[23, 6, 10, 3, 37]	
KNNGRASP-RVND_KDD_RODADA_2_5F_(16)	85.12735748291016	37.43693161010742	0.2678203582763672	[23, 6, 10, 3, 37]	
KNNGRASP-RVND_KDD_RODADA_2_5F_(17)	85.12735748291016	37.43693161010742	0.2678203582763672	[23, 6, 10, 3, 37]	
KNNGRASP-RVND_KDD_RODADA_2_5F_(18)	85.12735748291016	37.43693161010742	0.2678203582763672	[23, 6, 10, 3, 37]	
KNNGRASP-RVND_KDD_RODADA_2_5F_(19)	85.12735748291016	37.43693161010742	0.2678203582763672	[23, 6, 10, 3, 37]	
KNNGRASP-RVND_KDD_RODADA_2_5F_(20)	85.12735748291016	37.43693161010742	0.2678203582763672	[23, 6, 10, 3, 37]	
KNNGRASP-RVND_KDD_RODADA_2_5F_(21)	85.12735748291016	37.43693161010742	0.2678203582763672	[23, 6, 10, 3, 37]	
