NaiveBayes_KDD_RODADA_1_5F_	ACURÁCIA	DETECÇÃO	ALARME-FALSO	SELECAO
NaiveBayes_KDD_RODADA_1_5F_(1)	83.61328125	31.987890243530273	0.5768438577651978	[10, 22, 36, 3, 23]	
NaiveBayes_KDD_RODADA_1_5F_(2)	83.61328125	31.987890243530273	0.5768438577651978	[10, 22, 36, 3, 23]	
NaiveBayes_KDD_RODADA_1_5F_(3)	83.92082977294922	34.00605392456055	0.7931602597236633	[22, 11, 38, 3, 37]	
NaiveBayes_KDD_RODADA_1_5F_(4)	83.92082977294922	34.00605392456055	0.7931602597236633	[22, 11, 38, 3, 37]	
NaiveBayes_KDD_RODADA_1_5F_(5)	83.92082977294922	34.00605392456055	0.7931602597236633	[22, 11, 38, 3, 37]	
NaiveBayes_KDD_RODADA_1_5F_(6)	83.92082977294922	34.00605392456055	0.7931602597236633	[22, 11, 38, 3, 37]	
NaiveBayes_KDD_RODADA_1_5F_(7)	83.92082977294922	34.00605392456055	0.7931602597236633	[22, 11, 38, 3, 37]	
NaiveBayes_KDD_RODADA_1_5F_(8)	83.92082977294922	34.00605392456055	0.7931602597236633	[22, 11, 38, 3, 37]	
NaiveBayes_KDD_RODADA_1_5F_(9)	83.92082977294922	34.00605392456055	0.7931602597236633	[22, 11, 38, 3, 37]	
NaiveBayes_KDD_RODADA_1_5F_(10)	83.92082977294922	34.00605392456055	0.7931602597236633	[22, 11, 38, 3, 37]	
NaiveBayes_KDD_RODADA_1_5F_	ACURÁCIA	DETECÇÃO	ALARME-FALSO	SELECAO
NaiveBayes_KDD_RODADA_1_5F_(1)	85.29296112060547	49.51227569580078	3.7494850158691406	[3, 23, 18, 24, 13]	
NaiveBayes_KDD_RODADA_1_5F_(2)	85.29296112060547	49.51227569580078	3.7494850158691406	[24, 3, 13, 40, 23]	
NaiveBayes_KDD_RODADA_1_5F_(3)	85.29296112060547	49.51227569580078	3.7494850158691406	[24, 3, 13, 40, 23]	
NaiveBayes_KDD_RODADA_1_5F_(4)	85.29296112060547	49.51227569580078	3.7494850158691406	[24, 3, 13, 40, 23]	
NaiveBayes_KDD_RODADA_1_5F_(5)	85.49010467529297	49.41136932373047	3.4610631465911865	[18, 3, 23, 13, 39]	
NaiveBayes_KDD_RODADA_1_5F_(6)	85.49010467529297	49.41136932373047	3.4610631465911865	[18, 3, 23, 13, 39]	
NaiveBayes_KDD_RODADA_1_5F_(7)	85.49010467529297	49.41136932373047	3.4610631465911865	[18, 3, 23, 13, 39]	
NaiveBayes_KDD_RODADA_1_5F_(8)	85.49010467529297	49.41136932373047	3.4610631465911865	[18, 3, 23, 13, 39]	
NaiveBayes_KDD_RODADA_1_5F_(9)	85.50587463378906	48.4359245300293	3.1417386531829834	[3, 23, 13, 39, 11]	
NaiveBayes_KDD_RODADA_1_5F_(10)	85.50587463378906	48.4359245300293	3.1417386531829834	[3, 23, 13, 39, 11]	
NaiveBayes_KDD_RODADA_1_5F_(11)	85.77399444580078	44.09687042236328	1.462711215019226	[3, 11, 17, 23, 37]	
NaiveBayes_KDD_RODADA_1_5F_(12)	85.77399444580078	44.09687042236328	1.462711215019226	[3, 11, 17, 23, 37]	
NaiveBayes_KDD_RODADA_1_5F_(13)	85.77399444580078	44.09687042236328	1.462711215019226	[3, 11, 17, 23, 37]	
NaiveBayes_KDD_RODADA_1_5F_(14)	85.77399444580078	44.09687042236328	1.462711215019226	[3, 11, 17, 23, 37]	
NaiveBayes_KDD_RODADA_1_5F_(15)	85.77399444580078	44.09687042236328	1.462711215019226	[3, 11, 17, 23, 37]	
NaiveBayes_KDD_RODADA_1_5F_(16)	85.77399444580078	44.09687042236328	1.462711215019226	[3, 11, 17, 23, 37]	
NaiveBayes_KDD_RODADA_1_5F_(17)	85.77399444580078	44.09687042236328	1.462711215019226	[3, 11, 17, 23, 37]	
NaiveBayes_KDD_RODADA_1_5F_(18)	85.77399444580078	44.09687042236328	1.462711215019226	[3, 11, 17, 23, 37]	
NaiveBayes_KDD_RODADA_1_5F_(19)	85.77399444580078	44.09687042236328	1.462711215019226	[3, 11, 17, 23, 37]	
NaiveBayes_KDD_RODADA_1_5F_(20)	85.77399444580078	44.09687042236328	1.462711215019226	[3, 11, 17, 23, 37]	
NaiveBayes_KDD_RODADA_1_5F_(21)	85.77399444580078	44.09687042236328	1.462711215019226	[3, 11, 17, 23, 37]	
NaiveBayes_KDD_RODADA_1_5F_(22)	85.77399444580078	44.09687042236328	1.462711215019226	[3, 11, 17, 23, 37]	
NaiveBayes_KDD_RODADA_1_5F_(23)	86.44429016113281	44.231414794921875	0.6283477544784546	[11, 22, 3, 36, 9]	
NaiveBayes_KDD_RODADA_1_5F_(24)	86.44429016113281	44.231414794921875	0.6283477544784546	[11, 22, 3, 36, 9]	
NaiveBayes_KDD_RODADA_1_5F_(25)	86.44429016113281	44.231414794921875	0.6283477544784546	[11, 22, 3, 36, 9]	
NaiveBayes_KDD_RODADA_1_5F_(26)	86.44429016113281	44.231414794921875	0.6283477544784546	[11, 22, 3, 36, 9]	
NaiveBayes_KDD_RODADA_1_5F_(27)	86.44429016113281	44.231414794921875	0.6283477544784546	[11, 22, 3, 36, 9]	
NaiveBayes_KDD_RODADA_1_5F_(28)	86.44429016113281	44.231414794921875	0.6283477544784546	[11, 22, 3, 36, 9]	
NaiveBayes_KDD_RODADA_1_5F_(29)	86.44429016113281	44.231414794921875	0.6283477544784546	[11, 22, 3, 36, 9]	
NaiveBayes_KDD_RODADA_1_5F_(30)	86.44429016113281	44.231414794921875	0.6283477544784546	[11, 22, 3, 36, 9]	
NaiveBayes_KDD_RODADA_1_5F_(31)	86.44429016113281	44.231414794921875	0.6283477544784546	[11, 22, 3, 36, 9]	
NaiveBayes_KDD_RODADA_1_5F_(32)	86.44429016113281	44.231414794921875	0.6283477544784546	[11, 22, 3, 36, 9]	
NaiveBayes_KDD_RODADA_1_5F_(33)	86.44429016113281	44.231414794921875	0.6283477544784546	[11, 22, 3, 36, 9]	
NaiveBayes_KDD_RODADA_1_5F_(34)	86.44429016113281	44.231414794921875	0.6283477544784546	[11, 22, 3, 36, 9]	
NaiveBayes_KDD_RODADA_1_5F_(35)	86.44429016113281	44.231414794921875	0.6283477544784546	[11, 22, 3, 36, 9]	
NaiveBayes_KDD_RODADA_1_5F_(36)	86.44429016113281	44.231414794921875	0.6283477544784546	[11, 22, 3, 36, 9]	
NaiveBayes_KDD_RODADA_1_5F_(37)	86.44429016113281	44.231414794921875	0.6283477544784546	[11, 22, 3, 36, 9]	
NaiveBayes_KDD_RODADA_1_5F_(38)	86.44429016113281	44.231414794921875	0.6283477544784546	[11, 22, 3, 36, 9]	
NaiveBayes_KDD_RODADA_1_5F_(39)	86.44429016113281	44.231414794921875	0.6283477544784546	[11, 22, 3, 36, 9]	
NaiveBayes_KDD_RODADA_1_5F_(40)	86.44429016113281	44.231414794921875	0.6283477544784546	[11, 22, 3, 36, 9]	
NaiveBayes_KDD_RODADA_1_5F_(41)	86.44429016113281	44.231414794921875	0.6283477544784546	[11, 22, 3, 36, 9]	
NaiveBayes_KDD_RODADA_1_5F_(42)	86.44429016113281	44.231414794921875	0.6283477544784546	[11, 22, 3, 36, 9]	
NaiveBayes_KDD_RODADA_1_5F_(43)	86.44429016113281	44.231414794921875	0.6283477544784546	[11, 22, 3, 36, 9]	
NaiveBayes_KDD_RODADA_1_5F_(44)	86.44429016113281	44.231414794921875	0.6283477544784546	[11, 22, 3, 36, 9]	
NaiveBayes_KDD_RODADA_1_5F_(45)	86.44429016113281	44.231414794921875	0.6283477544784546	[11, 22, 3, 36, 9]	
NaiveBayes_KDD_RODADA_1_5F_(46)	86.44429016113281	44.231414794921875	0.6283477544784546	[11, 22, 3, 36, 9]	
NaiveBayes_KDD_RODADA_1_5F_(47)	86.44429016113281	44.231414794921875	0.6283477544784546	[11, 22, 3, 36, 9]	
NaiveBayes_KDD_RODADA_1_5F_(48)	86.44429016113281	44.231414794921875	0.6283477544784546	[11, 22, 3, 36, 9]	
NaiveBayes_KDD_RODADA_1_5F_(49)	86.44429016113281	44.231414794921875	0.6283477544784546	[11, 22, 3, 36, 9]	
NaiveBayes_KDD_RODADA_1_5F_(50)	86.44429016113281	44.231414794921875	0.6283477544784546	[11, 22, 3, 36, 9]	
