NaiveBayesGRASP-RVND_KDD_RODADA_2_5F_	ACURÁCIA	DETECÇÃO	ALARME-FALSO	SELECAO
NaiveBayesGRASP-RVND_KDD_RODADA_2_5F_(1)	83.77099609375	32.458797454833984	0.5150391459465027	[3, 11, 38, 5, 22]	
NaiveBayesGRASP-RVND_KDD_RODADA_2_5F_(2)	85.37969970703125	48.873191833496094	3.4404613971710205	[14, 40, 38, 3, 23]	
NaiveBayesGRASP-RVND_KDD_RODADA_2_5F_(3)	85.51376342773438	49.51227569580078	3.4610631465911865	[14, 23, 18, 3, 9]	
NaiveBayesGRASP-RVND_KDD_RODADA_2_5F_(4)	85.51376342773438	49.51227569580078	3.4610631465911865	[14, 23, 18, 3, 9]	
NaiveBayesGRASP-RVND_KDD_RODADA_2_5F_(5)	85.51376342773438	49.51227569580078	3.4610631465911865	[14, 23, 18, 3, 9]	
NaiveBayesGRASP-RVND_KDD_RODADA_2_5F_(6)	85.51376342773438	49.51227569580078	3.4610631465911865	[14, 23, 18, 3, 9]	
NaiveBayesGRASP-RVND_KDD_RODADA_2_5F_(7)	85.51376342773438	49.51227569580078	3.4610631465911865	[14, 23, 18, 3, 9]	
NaiveBayesGRASP-RVND_KDD_RODADA_2_5F_(8)	85.51376342773438	49.51227569580078	3.4610631465911865	[14, 23, 18, 3, 9]	
NaiveBayesGRASP-RVND_KDD_RODADA_2_5F_(9)	85.51376342773438	49.51227569580078	3.4610631465911865	[14, 23, 18, 3, 9]	
NaiveBayesGRASP-RVND_KDD_RODADA_2_5F_(10)	85.51376342773438	49.51227569580078	3.4610631465911865	[14, 23, 18, 3, 9]	
NaiveBayesGRASP-RVND_KDD_RODADA_2_5F_(11)	85.51376342773438	49.51227569580078	3.4610631465911865	[14, 23, 18, 3, 9]	
NaiveBayesGRASP-RVND_KDD_RODADA_2_5F_(12)	85.51376342773438	49.51227569580078	3.4610631465911865	[14, 23, 18, 3, 9]	
NaiveBayesGRASP-RVND_KDD_RODADA_2_5F_(13)	85.72667694091797	43.89505386352539	1.462711215019226	[23, 11, 18, 3, 37]	
NaiveBayesGRASP-RVND_KDD_RODADA_2_5F_(14)	85.72667694091797	43.89505386352539	1.462711215019226	[23, 11, 18, 3, 37]	
NaiveBayesGRASP-RVND_KDD_RODADA_2_5F_(15)	85.72667694091797	43.89505386352539	1.462711215019226	[23, 11, 18, 3, 37]	
NaiveBayesGRASP-RVND_KDD_RODADA_2_5F_(16)	85.72667694091797	43.89505386352539	1.462711215019226	[23, 11, 18, 3, 37]	
NaiveBayesGRASP-RVND_KDD_RODADA_2_5F_(17)	85.72667694091797	43.89505386352539	1.462711215019226	[23, 11, 18, 3, 37]	
NaiveBayesGRASP-RVND_KDD_RODADA_2_5F_(18)	85.72667694091797	43.89505386352539	1.462711215019226	[23, 11, 18, 3, 37]	
NaiveBayesGRASP-RVND_KDD_RODADA_2_5F_(19)	85.72667694091797	43.89505386352539	1.462711215019226	[23, 11, 18, 3, 37]	
NaiveBayesGRASP-RVND_KDD_RODADA_2_5F_(20)	85.72667694091797	43.89505386352539	1.462711215019226	[23, 11, 18, 3, 37]	
NaiveBayesGRASP-RVND_KDD_RODADA_2_5F_(21)	85.72667694091797	43.89505386352539	1.462711215019226	[23, 11, 18, 3, 37]	
NaiveBayesGRASP-RVND_KDD_RODADA_2_5F_(22)	85.72667694091797	43.89505386352539	1.462711215019226	[23, 11, 18, 3, 37]	
NaiveBayesGRASP-RVND_KDD_RODADA_2_5F_(23)	85.72667694091797	43.89505386352539	1.462711215019226	[23, 11, 18, 3, 37]	
NaiveBayesGRASP-RVND_KDD_RODADA_2_5F_(24)	85.72667694091797	43.89505386352539	1.462711215019226	[23, 11, 18, 3, 37]	
NaiveBayesGRASP-RVND_KDD_RODADA_2_5F_(25)	85.72667694091797	43.89505386352539	1.462711215019226	[23, 11, 18, 3, 37]	
NaiveBayesGRASP-RVND_KDD_RODADA_2_5F_(26)	85.72667694091797	43.89505386352539	1.462711215019226	[23, 11, 18, 3, 37]	
NaiveBayesGRASP-RVND_KDD_RODADA_2_5F_(27)	85.72667694091797	43.89505386352539	1.462711215019226	[23, 11, 18, 3, 37]	
NaiveBayesGRASP-RVND_KDD_RODADA_2_5F_(28)	85.72667694091797	43.89505386352539	1.462711215019226	[11, 23, 18, 3, 37]	
NaiveBayesGRASP-RVND_KDD_RODADA_2_5F_(29)	85.72667694091797	43.89505386352539	1.462711215019226	[11, 23, 18, 3, 37]	
NaiveBayesGRASP-RVND_KDD_RODADA_2_5F_(30)	85.72667694091797	43.89505386352539	1.462711215019226	[11, 23, 18, 3, 37]	
NaiveBayesGRASP-RVND_KDD_RODADA_2_5F_(31)	85.72667694091797	43.89505386352539	1.462711215019226	[11, 23, 18, 3, 37]	
NaiveBayesGRASP-RVND_KDD_RODADA_2_5F_(32)	85.72667694091797	43.89505386352539	1.462711215019226	[11, 23, 18, 3, 37]	
NaiveBayesGRASP-RVND_KDD_RODADA_2_5F_(33)	85.72667694091797	43.89505386352539	1.462711215019226	[11, 23, 18, 3, 37]	
NaiveBayesGRASP-RVND_KDD_RODADA_2_5F_(34)	85.72667694091797	43.89505386352539	1.462711215019226	[11, 23, 18, 3, 37]	
NaiveBayesGRASP-RVND_KDD_RODADA_2_5F_(35)	85.72667694091797	43.89505386352539	1.462711215019226	[11, 23, 18, 3, 37]	
NaiveBayesGRASP-RVND_KDD_RODADA_2_5F_(36)	85.72667694091797	43.89505386352539	1.462711215019226	[11, 23, 18, 3, 37]	
NaiveBayesGRASP-RVND_KDD_RODADA_2_5F_(37)	85.72667694091797	43.89505386352539	1.462711215019226	[11, 23, 18, 3, 37]	
NaiveBayesGRASP-RVND_KDD_RODADA_2_5F_(38)	85.72667694091797	43.89505386352539	1.462711215019226	[11, 23, 18, 3, 37]	
NaiveBayesGRASP-RVND_KDD_RODADA_2_5F_(39)	85.72667694091797	43.89505386352539	1.462711215019226	[11, 23, 18, 3, 37]	
NaiveBayesGRASP-RVND_KDD_RODADA_2_5F_(40)	85.72667694091797	43.89505386352539	1.462711215019226	[11, 23, 18, 3, 37]	
NaiveBayesGRASP-RVND_KDD_RODADA_2_5F_(41)	85.72667694091797	43.89505386352539	1.462711215019226	[11, 23, 18, 3, 37]	
NaiveBayesGRASP-RVND_KDD_RODADA_2_5F_(42)	85.72667694091797	43.89505386352539	1.462711215019226	[11, 23, 18, 3, 37]	
NaiveBayesGRASP-RVND_KDD_RODADA_2_5F_(43)	85.72667694091797	43.89505386352539	1.462711215019226	[11, 23, 18, 3, 37]	
NaiveBayesGRASP-RVND_KDD_RODADA_2_5F_(44)	85.72667694091797	43.89505386352539	1.462711215019226	[11, 23, 18, 3, 37]	
NaiveBayesGRASP-RVND_KDD_RODADA_2_5F_(45)	85.72667694091797	43.89505386352539	1.462711215019226	[11, 23, 18, 3, 37]	
NaiveBayesGRASP-RVND_KDD_RODADA_2_5F_(46)	85.72667694091797	43.89505386352539	1.462711215019226	[11, 23, 18, 3, 37]	
NaiveBayesGRASP-RVND_KDD_RODADA_2_5F_(47)	85.72667694091797	43.89505386352539	1.462711215019226	[11, 23, 18, 3, 37]	
NaiveBayesGRASP-RVND_KDD_RODADA_2_5F_(48)	85.72667694091797	43.89505386352539	1.462711215019226	[11, 23, 18, 3, 37]	
NaiveBayesGRASP-RVND_KDD_RODADA_2_5F_(49)	85.72667694091797	43.89505386352539	1.462711215019226	[11, 23, 18, 3, 37]	
NaiveBayesGRASP-RVND_KDD_RODADA_2_5F_(50)	85.72667694091797	43.89505386352539	1.462711215019226	[11, 23, 18, 3, 37]	
