REPTreeGRASP-RVND_KDD_RODADA_1_5F_	ACURÁCIA	DETECÇÃO	ALARME-FALSO	SELECAO
REPTreeGRASP-RVND_KDD_RODADA_1_5F_(1)	80.11986541748047	15.405314445495605	0.061804696917533875	[11, 13, 23, 1, 14]	
REPTreeGRASP-RVND_KDD_RODADA_1_5F_(2)	80.60089874267578	17.45711326599121	0.061804696917533875	[23, 11, 18, 3, 33]	
REPTreeGRASP-RVND_KDD_RODADA_1_5F_(3)	80.60089874267578	17.45711326599121	0.061804696917533875	[23, 11, 18, 3, 33]	
REPTreeGRASP-RVND_KDD_RODADA_1_5F_(4)	80.60089874267578	17.45711326599121	0.061804696917533875	[23, 11, 18, 3, 33]	
REPTreeGRASP-RVND_KDD_RODADA_1_5F_(5)	80.60089874267578	17.45711326599121	0.061804696917533875	[23, 11, 18, 3, 33]	
REPTreeGRASP-RVND_KDD_RODADA_1_5F_(6)	81.71279907226562	22.30070686340332	0.09270704537630081	[33, 18, 3, 36, 13]	
REPTreeGRASP-RVND_KDD_RODADA_1_5F_(7)	81.71279907226562	22.30070686340332	0.09270704537630081	[33, 18, 3, 36, 13]	
REPTreeGRASP-RVND_KDD_RODADA_1_5F_(8)	81.71279907226562	22.30070686340332	0.09270704537630081	[33, 18, 3, 36, 13]	
REPTreeGRASP-RVND_KDD_RODADA_1_5F_(9)	81.71279907226562	22.30070686340332	0.09270704537630081	[33, 18, 3, 36, 13]	
REPTreeGRASP-RVND_KDD_RODADA_1_5F_(10)	83.45556640625	29.667003631591797	0.07210548222064972	[18, 36, 3, 33, 6]	
REPTreeGRASP-RVND_KDD_RODADA_1_5F_(11)	83.45556640625	29.667003631591797	0.07210548222064972	[18, 36, 3, 33, 6]	
REPTreeGRASP-RVND_KDD_RODADA_1_5F_(12)	83.45556640625	29.667003631591797	0.07210548222064972	[18, 36, 3, 33, 6]	
REPTreeGRASP-RVND_KDD_RODADA_1_5F_(13)	83.45556640625	29.667003631591797	0.07210548222064972	[36, 33, 18, 3, 6]	
REPTreeGRASP-RVND_KDD_RODADA_1_5F_(14)	83.45556640625	29.667003631591797	0.07210548222064972	[36, 33, 18, 3, 6]	
REPTreeGRASP-RVND_KDD_RODADA_1_5F_(15)	83.45556640625	29.667003631591797	0.07210548222064972	[36, 33, 18, 3, 6]	
REPTreeGRASP-RVND_KDD_RODADA_1_5F_(16)	83.45556640625	29.667003631591797	0.07210548222064972	[36, 33, 18, 3, 6]	
REPTreeGRASP-RVND_KDD_RODADA_1_5F_(17)	83.45556640625	29.667003631591797	0.07210548222064972	[36, 33, 18, 3, 6]	
REPTreeGRASP-RVND_KDD_RODADA_1_5F_(18)	83.45556640625	29.667003631591797	0.07210548222064972	[36, 33, 18, 3, 6]	
REPTreeGRASP-RVND_KDD_RODADA_1_5F_(19)	83.45556640625	29.667003631591797	0.07210548222064972	[36, 33, 18, 3, 6]	
REPTreeGRASP-RVND_KDD_RODADA_1_5F_(20)	83.45556640625	29.667003631591797	0.07210548222064972	[36, 33, 18, 3, 6]	
REPTreeGRASP-RVND_KDD_RODADA_1_5F_(21)	83.45556640625	29.667003631591797	0.07210548222064972	[36, 33, 18, 3, 6]	
REPTreeGRASP-RVND_KDD_RODADA_1_5F_(22)	83.45556640625	29.667003631591797	0.07210548222064972	[36, 33, 18, 3, 6]	
REPTreeGRASP-RVND_KDD_RODADA_1_5F_(23)	83.45556640625	29.667003631591797	0.07210548222064972	[36, 33, 18, 3, 6]	
REPTreeGRASP-RVND_KDD_RODADA_1_5F_(24)	83.45556640625	29.667003631591797	0.07210548222064972	[36, 33, 18, 3, 6]	
REPTreeGRASP-RVND_KDD_RODADA_1_5F_(25)	83.45556640625	29.667003631591797	0.07210548222064972	[36, 33, 18, 3, 6]	
REPTreeGRASP-RVND_KDD_RODADA_1_5F_(26)	83.45556640625	29.667003631591797	0.07210548222064972	[36, 33, 18, 3, 6]	
REPTreeGRASP-RVND_KDD_RODADA_1_5F_(27)	83.45556640625	29.667003631591797	0.07210548222064972	[36, 33, 18, 3, 6]	
REPTreeGRASP-RVND_KDD_RODADA_1_5F_(28)	83.45556640625	29.667003631591797	0.07210548222064972	[36, 33, 18, 3, 6]	
REPTreeGRASP-RVND_KDD_RODADA_1_5F_(29)	83.45556640625	29.667003631591797	0.07210548222064972	[36, 33, 18, 3, 6]	
REPTreeGRASP-RVND_KDD_RODADA_1_5F_(30)	83.45556640625	29.667003631591797	0.07210548222064972	[36, 33, 18, 3, 6]	
REPTreeGRASP-RVND_KDD_RODADA_1_5F_(31)	83.45556640625	29.667003631591797	0.07210548222064972	[36, 33, 18, 3, 6]	
REPTreeGRASP-RVND_KDD_RODADA_1_5F_(32)	83.45556640625	29.667003631591797	0.07210548222064972	[36, 33, 18, 3, 6]	
REPTreeGRASP-RVND_KDD_RODADA_1_5F_(33)	83.45556640625	29.667003631591797	0.07210548222064972	[36, 33, 18, 3, 6]	
REPTreeGRASP-RVND_KDD_RODADA_1_5F_(34)	83.45556640625	29.667003631591797	0.07210548222064972	[36, 33, 18, 3, 6]	
REPTreeGRASP-RVND_KDD_RODADA_1_5F_(35)	83.45556640625	29.667003631591797	0.07210548222064972	[36, 33, 18, 3, 6]	
REPTreeGRASP-RVND_KDD_RODADA_1_5F_(36)	83.45556640625	29.667003631591797	0.07210548222064972	[36, 33, 18, 3, 6]	
REPTreeGRASP-RVND_KDD_RODADA_1_5F_(37)	83.45556640625	29.667003631591797	0.07210548222064972	[36, 33, 18, 3, 6]	
REPTreeGRASP-RVND_KDD_RODADA_1_5F_(38)	83.45556640625	29.667003631591797	0.07210548222064972	[36, 33, 18, 3, 6]	
REPTreeGRASP-RVND_KDD_RODADA_1_5F_(39)	83.45556640625	29.667003631591797	0.07210548222064972	[36, 33, 18, 3, 6]	
REPTreeGRASP-RVND_KDD_RODADA_1_5F_(40)	83.45556640625	29.667003631591797	0.07210548222064972	[36, 33, 18, 3, 6]	
REPTreeGRASP-RVND_KDD_RODADA_1_5F_(41)	83.45556640625	29.667003631591797	0.07210548222064972	[36, 33, 18, 3, 6]	
REPTreeGRASP-RVND_KDD_RODADA_1_5F_(42)	83.45556640625	29.667003631591797	0.07210548222064972	[36, 33, 18, 3, 6]	
REPTreeGRASP-RVND_KDD_RODADA_1_5F_(43)	83.45556640625	29.667003631591797	0.07210548222064972	[36, 33, 18, 3, 6]	
REPTreeGRASP-RVND_KDD_RODADA_1_5F_(44)	83.45556640625	29.667003631591797	0.07210548222064972	[36, 33, 18, 3, 6]	
REPTreeGRASP-RVND_KDD_RODADA_1_5F_(45)	83.45556640625	29.667003631591797	0.07210548222064972	[36, 33, 18, 3, 6]	
REPTreeGRASP-RVND_KDD_RODADA_1_5F_(46)	83.45556640625	29.667003631591797	0.07210548222064972	[36, 33, 6, 18, 3]	
REPTreeGRASP-RVND_KDD_RODADA_1_5F_(47)	83.45556640625	29.667003631591797	0.07210548222064972	[36, 33, 6, 18, 3]	
REPTreeGRASP-RVND_KDD_RODADA_1_5F_(48)	83.45556640625	29.667003631591797	0.07210548222064972	[36, 33, 6, 18, 3]	
REPTreeGRASP-RVND_KDD_RODADA_1_5F_(49)	83.45556640625	29.667003631591797	0.07210548222064972	[36, 33, 6, 18, 3]	
REPTreeGRASP-RVND_KDD_RODADA_1_5F_(50)	83.45556640625	29.667003631591797	0.07210548222064972	[36, 33, 6, 18, 3]	
