KNNGRASP-RVND_KDD_RODADA_1_5F_	ACURÁCIA	DETECÇÃO	ALARME-FALSO	SELECAO
KNNGRASP-RVND_KDD_RODADA_1_5F_(1)	79.89906311035156	15.50622272491455	0.3811289668083191	[23, 5, 1, 18, 3]	
KNNGRASP-RVND_KDD_RODADA_1_5F_(2)	79.89906311035156	15.50622272491455	0.3811289668083191	[23, 5, 1, 18, 3]	
KNNGRASP-RVND_KDD_RODADA_1_5F_(3)	81.1686782836914	20.147998809814453	0.14421096444129944	[37, 17, 36, 11, 6]	
KNNGRASP-RVND_KDD_RODADA_1_5F_(4)	81.1686782836914	20.147998809814453	0.14421096444129944	[37, 17, 36, 11, 6]	
KNNGRASP-RVND_KDD_RODADA_1_5F_(5)	81.1686782836914	20.147998809814453	0.14421096444129944	[37, 17, 36, 11, 6]	
KNNGRASP-RVND_KDD_RODADA_1_5F_(6)	81.1686782836914	20.147998809814453	0.14421096444129944	[37, 17, 36, 11, 6]	
KNNGRASP-RVND_KDD_RODADA_1_5F_(7)	81.1686782836914	20.147998809814453	0.14421096444129944	[37, 17, 36, 11, 6]	
KNNGRASP-RVND_KDD_RODADA_1_5F_(8)	81.1686782836914	20.147998809814453	0.14421096444129944	[37, 17, 36, 11, 6]	
KNNGRASP-RVND_KDD_RODADA_1_5F_(9)	84.57534790039062	34.37605285644531	0.05150391533970833	[10, 22, 3, 6, 9]	
KNNGRASP-RVND_KDD_RODADA_1_5F_(10)	84.57534790039062	34.37605285644531	0.05150391533970833	[10, 22, 3, 6, 9]	
KNNGRASP-RVND_KDD_RODADA_1_5F_(11)	84.57534790039062	34.37605285644531	0.05150391533970833	[10, 22, 3, 6, 9]	
KNNGRASP-RVND_KDD_RODADA_1_5F_(12)	84.57534790039062	34.37605285644531	0.05150391533970833	[10, 22, 3, 6, 9]	
KNNGRASP-RVND_KDD_RODADA_1_5F_(13)	84.57534790039062	34.37605285644531	0.05150391533970833	[10, 22, 3, 6, 9]	
KNNGRASP-RVND_KDD_RODADA_1_5F_(14)	84.57534790039062	34.37605285644531	0.05150391533970833	[10, 22, 3, 6, 9]	
KNNGRASP-RVND_KDD_RODADA_1_5F_(15)	84.57534790039062	34.37605285644531	0.05150391533970833	[10, 22, 3, 6, 9]	
KNNGRASP-RVND_KDD_RODADA_1_5F_(16)	84.57534790039062	34.37605285644531	0.05150391533970833	[10, 22, 3, 6, 9]	
KNNGRASP-RVND_KDD_RODADA_1_5F_(17)	84.57534790039062	34.37605285644531	0.05150391533970833	[10, 22, 3, 6, 9]	
KNNGRASP-RVND_KDD_RODADA_1_5F_(18)	84.57534790039062	34.37605285644531	0.05150391533970833	[10, 22, 3, 6, 9]	
KNNGRASP-RVND_KDD_RODADA_1_5F_(19)	84.57534790039062	34.37605285644531	0.05150391533970833	[10, 22, 3, 6, 9]	
KNNGRASP-RVND_KDD_RODADA_1_5F_(20)	84.57534790039062	34.37605285644531	0.05150391533970833	[10, 22, 3, 6, 9]	
KNNGRASP-RVND_KDD_RODADA_1_5F_(21)	84.57534790039062	34.37605285644531	0.05150391533970833	[10, 22, 3, 6, 9]	
KNNGRASP-RVND_KDD_RODADA_1_5F_(22)	84.57534790039062	34.37605285644531	0.05150391533970833	[10, 22, 3, 6, 9]	
KNNGRASP-RVND_KDD_RODADA_1_5F_(23)	84.96964263916016	36.25967025756836	0.1133086085319519	[36, 3, 6, 10, 22]	
KNNGRASP-RVND_KDD_RODADA_1_5F_(24)	84.96964263916016	36.25967025756836	0.1133086085319519	[36, 3, 6, 10, 22]	
KNNGRASP-RVND_KDD_RODADA_1_5F_(25)	84.96964263916016	36.25967025756836	0.1133086085319519	[36, 3, 6, 10, 22]	
KNNGRASP-RVND_KDD_RODADA_1_5F_(26)	84.96964263916016	36.25967025756836	0.1133086085319519	[36, 3, 6, 10, 22]	
KNNGRASP-RVND_KDD_RODADA_1_5F_(27)	84.96964263916016	36.25967025756836	0.1133086085319519	[36, 3, 6, 10, 22]	
KNNGRASP-RVND_KDD_RODADA_1_5F_(28)	84.96964263916016	36.25967025756836	0.1133086085319519	[36, 3, 6, 10, 22]	
KNNGRASP-RVND_KDD_RODADA_1_5F_(29)	84.96964263916016	36.25967025756836	0.1133086085319519	[36, 3, 6, 10, 22]	
KNNGRASP-RVND_KDD_RODADA_1_5F_(30)	84.96964263916016	36.25967025756836	0.1133086085319519	[36, 3, 6, 10, 22]	
KNNGRASP-RVND_KDD_RODADA_1_5F_(31)	84.96964263916016	36.25967025756836	0.1133086085319519	[36, 3, 6, 10, 22]	
KNNGRASP-RVND_KDD_RODADA_1_5F_(32)	84.96964263916016	36.25967025756836	0.1133086085319519	[36, 3, 6, 10, 22]	
KNNGRASP-RVND_KDD_RODADA_1_5F_(33)	85.00118255615234	36.39421463012695	0.1133086085319519	[3, 6, 10, 18, 36]	
KNNGRASP-RVND_KDD_RODADA_1_5F_(34)	85.00118255615234	36.39421463012695	0.1133086085319519	[3, 6, 10, 18, 36]	
KNNGRASP-RVND_KDD_RODADA_1_5F_(35)	85.00118255615234	36.39421463012695	0.1133086085319519	[3, 6, 10, 18, 36]	
KNNGRASP-RVND_KDD_RODADA_1_5F_(36)	85.00118255615234	36.39421463012695	0.1133086085319519	[3, 6, 10, 18, 36]	
KNNGRASP-RVND_KDD_RODADA_1_5F_(37)	85.00118255615234	36.39421463012695	0.1133086085319519	[3, 6, 10, 18, 36]	
KNNGRASP-RVND_KDD_RODADA_1_5F_(38)	85.00118255615234	36.39421463012695	0.1133086085319519	[3, 6, 10, 18, 36]	
KNNGRASP-RVND_KDD_RODADA_1_5F_(39)	85.00118255615234	36.39421463012695	0.1133086085319519	[3, 6, 10, 18, 36]	
KNNGRASP-RVND_KDD_RODADA_1_5F_(40)	85.00118255615234	36.39421463012695	0.1133086085319519	[3, 6, 10, 18, 36]	
KNNGRASP-RVND_KDD_RODADA_1_5F_(41)	85.00118255615234	36.39421463012695	0.1133086085319519	[3, 6, 10, 18, 36]	
KNNGRASP-RVND_KDD_RODADA_1_5F_(42)	85.00118255615234	36.39421463012695	0.1133086085319519	[3, 6, 10, 18, 36]	
KNNGRASP-RVND_KDD_RODADA_1_5F_(43)	85.00118255615234	36.39421463012695	0.1133086085319519	[3, 6, 10, 18, 36]	
KNNGRASP-RVND_KDD_RODADA_1_5F_(44)	85.00118255615234	36.39421463012695	0.1133086085319519	[3, 6, 10, 18, 36]	
KNNGRASP-RVND_KDD_RODADA_1_5F_(45)	85.00118255615234	36.39421463012695	0.1133086085319519	[3, 6, 10, 18, 36]	
KNNGRASP-RVND_KDD_RODADA_1_5F_(46)	85.00118255615234	36.39421463012695	0.1133086085319519	[3, 6, 10, 18, 36]	
KNNGRASP-RVND_KDD_RODADA_1_5F_(47)	85.00118255615234	36.39421463012695	0.1133086085319519	[3, 6, 10, 18, 36]	
KNNGRASP-RVND_KDD_RODADA_1_5F_(48)	85.00118255615234	36.39421463012695	0.1133086085319519	[3, 6, 10, 18, 36]	
KNNGRASP-RVND_KDD_RODADA_1_5F_(49)	85.00118255615234	36.39421463012695	0.1133086085319519	[3, 6, 10, 18, 36]	
KNNGRASP-RVND_KDD_RODADA_1_5F_(50)	85.00118255615234	36.39421463012695	0.1133086085319519	[3, 6, 10, 18, 36]	
