RandomTreeGRASP-FS_CIDIDS_RODADA_1_5F	ACURÁCIA	DETECÇÃO	ALARME-FALSO	SELECAO
RandomTreeGRASP-FS_CIDIDS_RODADA_1_5F(1)	84.02517700195312	68.30471801757812	0.13474635779857635	[53, 13, 67, 42, 66]	
RandomTreeGRASP-FS_CIDIDS_RODADA_1_5F(2)	84.02517700195312	68.30471801757812	0.13474635779857635	[53, 13, 67, 42, 66]	
RandomTreeGRASP-FS_CIDIDS_RODADA_1_5F(3)	84.02517700195312	68.30471801757812	0.13474635779857635	[53, 13, 67, 42, 66]	
RandomTreeGRASP-FS_CIDIDS_RODADA_1_5F(4)	84.02517700195312	68.30471801757812	0.13474635779857635	[53, 13, 67, 42, 66]	
RandomTreeGRASP-FS_CIDIDS_RODADA_1_5F(5)	84.02517700195312	68.30471801757812	0.13474635779857635	[53, 13, 67, 42, 66]	
RandomTreeGRASP-FS_CIDIDS_RODADA_1_5F(6)	84.02517700195312	68.30471801757812	0.13474635779857635	[53, 13, 67, 42, 66]	
RandomTreeGRASP-FS_CIDIDS_RODADA_1_5F(7)	84.02517700195312	68.30471801757812	0.13474635779857635	[53, 13, 67, 42, 66]	
RandomTreeGRASP-FS_CIDIDS_RODADA_1_5F(8)	84.02517700195312	68.30471801757812	0.13474635779857635	[53, 13, 67, 42, 66]	
RandomTreeGRASP-FS_CIDIDS_RODADA_1_5F(9)	84.02517700195312	68.30471801757812	0.13474635779857635	[53, 13, 67, 42, 66]	
RandomTreeGRASP-FS_CIDIDS_RODADA_1_5F(10)	84.02517700195312	68.30471801757812	0.13474635779857635	[53, 13, 67, 42, 66]	
RandomTreeGRASP-FS_CIDIDS_RODADA_1_5F(11)	84.02517700195312	68.30471801757812	0.13474635779857635	[53, 13, 67, 42, 66]	
RandomTreeGRASP-FS_CIDIDS_RODADA_1_5F(12)	84.02517700195312	68.30471801757812	0.13474635779857635	[53, 13, 67, 42, 66]	
RandomTreeGRASP-FS_CIDIDS_RODADA_1_5F(13)	84.02517700195312	68.30471801757812	0.13474635779857635	[53, 13, 67, 42, 66]	
RandomTreeGRASP-FS_CIDIDS_RODADA_1_5F(14)	84.02517700195312	68.30471801757812	0.13474635779857635	[53, 13, 67, 42, 66]	
RandomTreeGRASP-FS_CIDIDS_RODADA_1_5F(15)	84.02517700195312	68.30471801757812	0.13474635779857635	[53, 13, 67, 42, 66]	
RandomTreeGRASP-FS_CIDIDS_RODADA_1_5F(16)	84.02517700195312	68.30471801757812	0.13474635779857635	[53, 13, 67, 42, 66]	
RandomTreeGRASP-FS_CIDIDS_RODADA_1_5F(17)	84.02517700195312	68.30471801757812	0.13474635779857635	[53, 13, 67, 42, 66]	
