REPTreeTODAY_GRASP-FS_CIDIDS_RODADA_2_5F	ACURÁCIA	DETECÇÃO	ALARME-FALSO	SELECAO
REPTreeTODAY_GRASP-FS_CIDIDS_RODADA_2_5F(1)	83.89287567138672	68.31547546386719	0.41120871901512146	[40, 70, 6, 5, 7]	
REPTreeTODAY_GRASP-FS_CIDIDS_RODADA_2_5F(2)	83.89287567138672	68.31547546386719	0.41120871901512146	[40, 70, 6, 5, 7]	
REPTreeTODAY_GRASP-FS_CIDIDS_RODADA_2_5F(3)	83.89287567138672	68.31547546386719	0.41120871901512146	[40, 70, 6, 5, 7]	
REPTreeTODAY_GRASP-FS_CIDIDS_RODADA_2_5F(4)	83.89287567138672	68.31547546386719	0.41120871901512146	[40, 70, 6, 5, 7]	
REPTreeTODAY_GRASP-FS_CIDIDS_RODADA_2_5F(5)	83.89287567138672	68.31547546386719	0.41120871901512146	[40, 70, 6, 5, 7]	
REPTreeTODAY_GRASP-FS_CIDIDS_RODADA_2_5F(6)	83.89287567138672	68.31547546386719	0.41120871901512146	[40, 70, 6, 5, 7]	
REPTreeTODAY_GRASP-FS_CIDIDS_RODADA_2_5F(7)	83.89287567138672	68.31547546386719	0.41120871901512146	[40, 70, 6, 5, 7]	
REPTreeTODAY_GRASP-FS_CIDIDS_RODADA_2_5F(8)	83.92874908447266	68.3331527709961	0.3570004105567932	[54, 6, 43, 56, 11]	
REPTreeTODAY_GRASP-FS_CIDIDS_RODADA_2_5F(9)	83.98274993896484	68.29434204101562	0.20947638154029846	[9, 56, 70, 64, 42]	
REPTreeTODAY_GRASP-FS_CIDIDS_RODADA_2_5F(10)	83.98274993896484	68.29434204101562	0.20947638154029846	[9, 56, 70, 64, 42]	
REPTreeTODAY_GRASP-FS_CIDIDS_RODADA_2_5F(11)	83.98274993896484	68.29434204101562	0.20947638154029846	[9, 56, 70, 64, 42]	
REPTreeTODAY_GRASP-FS_CIDIDS_RODADA_2_5F(12)	83.98274993896484	68.29434204101562	0.20947638154029846	[9, 56, 70, 64, 42]	
REPTreeTODAY_GRASP-FS_CIDIDS_RODADA_2_5F(13)	83.98274993896484	68.29434204101562	0.20947638154029846	[9, 56, 70, 64, 42]	
REPTreeTODAY_GRASP-FS_CIDIDS_RODADA_2_5F(14)	83.98274993896484	68.29434204101562	0.20947638154029846	[9, 56, 70, 64, 42]	
REPTreeTODAY_GRASP-FS_CIDIDS_RODADA_2_5F(15)	83.98274993896484	68.29434204101562	0.20947638154029846	[9, 56, 70, 64, 42]	
REPTreeTODAY_GRASP-FS_CIDIDS_RODADA_2_5F(16)	83.98274993896484	68.29434204101562	0.20947638154029846	[9, 56, 70, 64, 42]	
REPTreeTODAY_GRASP-FS_CIDIDS_RODADA_2_5F(17)	83.98274993896484	68.29434204101562	0.20947638154029846	[9, 56, 70, 64, 42]	
REPTreeTODAY_GRASP-FS_CIDIDS_RODADA_2_5F(18)	83.98274993896484	68.29434204101562	0.20947638154029846	[9, 56, 70, 64, 42]	
REPTreeTODAY_GRASP-FS_CIDIDS_RODADA_2_5F(19)	83.98274993896484	68.29434204101562	0.20947638154029846	[9, 56, 70, 64, 42]	
REPTreeTODAY_GRASP-FS_CIDIDS_RODADA_2_5F(20)	83.98274993896484	68.29434204101562	0.20947638154029846	[9, 56, 70, 64, 42]	
REPTreeTODAY_GRASP-FS_CIDIDS_RODADA_2_5F(21)	83.98274993896484	68.29434204101562	0.20947638154029846	[9, 56, 70, 64, 42]	
REPTreeTODAY_GRASP-FS_CIDIDS_RODADA_2_5F(22)	83.98274993896484	68.29434204101562	0.20947638154029846	[9, 56, 70, 64, 42]	
REPTreeTODAY_GRASP-FS_CIDIDS_RODADA_2_5F(23)	83.98274993896484	68.29434204101562	0.20947638154029846	[9, 56, 70, 64, 42]	
REPTreeTODAY_GRASP-FS_CIDIDS_RODADA_2_5F(24)	83.98274993896484	68.29434204101562	0.20947638154029846	[9, 56, 70, 64, 42]	
REPTreeTODAY_GRASP-FS_CIDIDS_RODADA_2_5F(25)	83.98274993896484	68.29434204101562	0.20947638154029846	[9, 56, 70, 64, 42]	
REPTreeTODAY_GRASP-FS_CIDIDS_RODADA_2_5F(26)	83.98274993896484	68.29434204101562	0.20947638154029846	[9, 56, 70, 64, 42]	
REPTreeTODAY_GRASP-FS_CIDIDS_RODADA_2_5F(27)	83.98274993896484	68.29434204101562	0.20947638154029846	[9, 56, 70, 64, 42]	
REPTreeTODAY_GRASP-FS_CIDIDS_RODADA_2_5F(28)	83.98274993896484	68.29434204101562	0.20947638154029846	[9, 56, 70, 64, 42]	
REPTreeTODAY_GRASP-FS_CIDIDS_RODADA_2_5F(29)	83.98274993896484	68.29434204101562	0.20947638154029846	[9, 56, 70, 64, 42]	
REPTreeTODAY_GRASP-FS_CIDIDS_RODADA_2_5F(30)	83.98274993896484	68.29434204101562	0.20947638154029846	[9, 56, 70, 64, 42]	
REPTreeTODAY_GRASP-FS_CIDIDS_RODADA_2_5F(31)	83.9891128540039	68.3227767944336	0.22535167634487152	[7, 35, 43, 9, 49]	
REPTreeTODAY_GRASP-FS_CIDIDS_RODADA_2_5F(32)	83.9891128540039	68.3227767944336	0.22535167634487152	[7, 35, 43, 9, 49]	
REPTreeTODAY_GRASP-FS_CIDIDS_RODADA_2_5F(33)	83.9891128540039	68.3227767944336	0.22535167634487152	[7, 35, 43, 9, 49]	
REPTreeTODAY_GRASP-FS_CIDIDS_RODADA_2_5F(34)	83.9891128540039	68.3227767944336	0.22535167634487152	[7, 35, 43, 9, 49]	
REPTreeTODAY_GRASP-FS_CIDIDS_RODADA_2_5F(35)	83.9891128540039	68.3227767944336	0.22535167634487152	[7, 35, 43, 9, 49]	
REPTreeTODAY_GRASP-FS_CIDIDS_RODADA_2_5F(36)	83.9891128540039	68.3227767944336	0.22535167634487152	[7, 35, 43, 9, 49]	
REPTreeTODAY_GRASP-FS_CIDIDS_RODADA_2_5F(37)	83.9891128540039	68.3227767944336	0.22535167634487152	[7, 35, 43, 9, 49]	
REPTreeTODAY_GRASP-FS_CIDIDS_RODADA_2_5F(38)	83.9891128540039	68.3227767944336	0.22535167634487152	[7, 35, 43, 9, 49]	
REPTreeTODAY_GRASP-FS_CIDIDS_RODADA_2_5F(39)	83.9891128540039	68.3227767944336	0.22535167634487152	[7, 35, 43, 9, 49]	
REPTreeTODAY_GRASP-FS_CIDIDS_RODADA_2_5F(40)	83.9891128540039	68.3227767944336	0.22535167634487152	[7, 35, 43, 9, 49]	
REPTreeTODAY_GRASP-FS_CIDIDS_RODADA_2_5F(41)	83.9891128540039	68.3227767944336	0.22535167634487152	[7, 35, 43, 9, 49]	
REPTreeTODAY_GRASP-FS_CIDIDS_RODADA_2_5F(42)	83.9891128540039	68.3227767944336	0.22535167634487152	[7, 35, 43, 9, 49]	
REPTreeTODAY_GRASP-FS_CIDIDS_RODADA_2_5F(43)	83.9891128540039	68.3227767944336	0.22535167634487152	[7, 35, 43, 9, 49]	
REPTreeTODAY_GRASP-FS_CIDIDS_RODADA_2_5F(44)	83.9891128540039	68.3227767944336	0.22535167634487152	[7, 35, 43, 9, 49]	
REPTreeTODAY_GRASP-FS_CIDIDS_RODADA_2_5F(45)	83.9891128540039	68.3227767944336	0.22535167634487152	[7, 35, 43, 9, 49]	
REPTreeTODAY_GRASP-FS_CIDIDS_RODADA_2_5F(46)	83.9891128540039	68.3227767944336	0.22535167634487152	[7, 35, 43, 9, 49]	
REPTreeTODAY_GRASP-FS_CIDIDS_RODADA_2_5F(47)	83.9891128540039	68.3227767944336	0.22535167634487152	[7, 35, 43, 9, 49]	
REPTreeTODAY_GRASP-FS_CIDIDS_RODADA_2_5F(48)	83.9891128540039	68.3227767944336	0.22535167634487152	[7, 35, 43, 9, 49]	
REPTreeTODAY_GRASP-FS_CIDIDS_RODADA_2_5F(49)	83.9891128540039	68.3227767944336	0.22535167634487152	[7, 35, 43, 9, 49]	
REPTreeTODAY_GRASP-FS_CIDIDS_RODADA_2_5F(50)	83.9891128540039	68.3227767944336	0.22535167634487152	[7, 35, 43, 9, 49]	
