RandomForestTODAY_GRASP-FS_CIDIDS_RODADA_2_5F	ACURÁCIA	DETECÇÃO	ALARME-FALSO	SELECAO
RandomForestTODAY_GRASP-FS_CIDIDS_RODADA_2_5F(1)	83.82131958007812	68.32508087158203	0.5645408034324646	[53, 5, 64, 40, 7]	
RandomForestTODAY_GRASP-FS_CIDIDS_RODADA_2_5F(2)	83.82131958007812	68.32508087158203	0.5645408034324646	[53, 5, 64, 40, 7]	
RandomForestTODAY_GRASP-FS_CIDIDS_RODADA_2_5F(3)	83.82131958007812	68.32508087158203	0.5645408034324646	[53, 5, 64, 40, 7]	
RandomForestTODAY_GRASP-FS_CIDIDS_RODADA_2_5F(4)	83.85989379882812	68.33200073242188	0.49406999349594116	[55, 6, 53, 7, 41]	
RandomForestTODAY_GRASP-FS_CIDIDS_RODADA_2_5F(5)	83.99760437011719	68.23900604248047	0.12390470504760742	[13, 6, 67, 35, 56]	
RandomForestTODAY_GRASP-FS_CIDIDS_RODADA_2_5F(6)	83.99760437011719	68.23900604248047	0.12390470504760742	[13, 6, 67, 35, 56]	
RandomForestTODAY_GRASP-FS_CIDIDS_RODADA_2_5F(7)	83.99760437011719	68.23900604248047	0.12390470504760742	[13, 6, 67, 35, 56]	
RandomForestTODAY_GRASP-FS_CIDIDS_RODADA_2_5F(8)	83.99760437011719	68.23900604248047	0.12390470504760742	[13, 6, 67, 35, 56]	
RandomForestTODAY_GRASP-FS_CIDIDS_RODADA_2_5F(9)	84.09461212158203	68.32469940185547	0.015488088130950928	[43, 41, 5, 35, 7]	
RandomForestTODAY_GRASP-FS_CIDIDS_RODADA_2_5F(10)	84.09461212158203	68.32469940185547	0.015488088130950928	[43, 41, 5, 35, 7]	
RandomForestTODAY_GRASP-FS_CIDIDS_RODADA_2_5F(11)	84.09461212158203	68.32469940185547	0.015488088130950928	[43, 41, 5, 35, 7]	
RandomForestTODAY_GRASP-FS_CIDIDS_RODADA_2_5F(12)	84.09461212158203	68.32469940185547	0.015488088130950928	[43, 41, 5, 35, 7]	
RandomForestTODAY_GRASP-FS_CIDIDS_RODADA_2_5F(13)	84.09461212158203	68.32469940185547	0.015488088130950928	[43, 41, 5, 35, 7]	
RandomForestTODAY_GRASP-FS_CIDIDS_RODADA_2_5F(14)	84.09461212158203	68.32469940185547	0.015488088130950928	[43, 41, 5, 35, 7]	
RandomForestTODAY_GRASP-FS_CIDIDS_RODADA_2_5F(15)	84.09461212158203	68.32469940185547	0.015488088130950928	[43, 41, 5, 35, 7]	
RandomForestTODAY_GRASP-FS_CIDIDS_RODADA_2_5F(16)	84.09461212158203	68.32469940185547	0.015488088130950928	[43, 41, 5, 35, 7]	
RandomForestTODAY_GRASP-FS_CIDIDS_RODADA_2_5F(17)	84.09461212158203	68.32469940185547	0.015488088130950928	[43, 41, 5, 35, 7]	
RandomForestTODAY_GRASP-FS_CIDIDS_RODADA_2_5F(18)	84.09461212158203	68.32469940185547	0.015488088130950928	[43, 41, 5, 35, 7]	
RandomForestTODAY_GRASP-FS_CIDIDS_RODADA_2_5F(19)	84.09461212158203	68.32469940185547	0.015488088130950928	[43, 41, 5, 35, 7]	
RandomForestTODAY_GRASP-FS_CIDIDS_RODADA_2_5F(20)	84.09461212158203	68.32469940185547	0.015488088130950928	[43, 41, 5, 35, 7]	
RandomForestTODAY_GRASP-FS_CIDIDS_RODADA_2_5F(21)	84.09461212158203	68.32469940185547	0.015488088130950928	[43, 41, 5, 35, 7]	
RandomForestTODAY_GRASP-FS_CIDIDS_RODADA_2_5F(22)	84.09461212158203	68.32469940185547	0.015488088130950928	[43, 41, 5, 35, 7]	
RandomForestTODAY_GRASP-FS_CIDIDS_RODADA_2_5F(23)	84.09461212158203	68.32469940185547	0.015488088130950928	[43, 41, 5, 35, 7]	
RandomForestTODAY_GRASP-FS_CIDIDS_RODADA_2_5F(24)	84.09461212158203	68.32469940185547	0.015488088130950928	[43, 41, 5, 35, 7]	
RandomForestTODAY_GRASP-FS_CIDIDS_RODADA_2_5F(25)	84.09461212158203	68.32469940185547	0.015488088130950928	[43, 41, 5, 35, 7]	
RandomForestTODAY_GRASP-FS_CIDIDS_RODADA_2_5F(26)	84.09461212158203	68.32469940185547	0.015488088130950928	[43, 41, 5, 35, 7]	
RandomForestTODAY_GRASP-FS_CIDIDS_RODADA_2_5F(27)	84.09461212158203	68.32469940185547	0.015488088130950928	[43, 41, 5, 35, 7]	
RandomForestTODAY_GRASP-FS_CIDIDS_RODADA_2_5F(28)	84.09461212158203	68.32469940185547	0.015488088130950928	[43, 41, 5, 35, 7]	
RandomForestTODAY_GRASP-FS_CIDIDS_RODADA_2_5F(29)	84.09461212158203	68.32469940185547	0.015488088130950928	[43, 41, 5, 35, 7]	
RandomForestTODAY_GRASP-FS_CIDIDS_RODADA_2_5F(30)	84.09461212158203	68.32469940185547	0.015488088130950928	[43, 41, 5, 35, 7]	
RandomForestTODAY_GRASP-FS_CIDIDS_RODADA_2_5F(31)	84.09461212158203	68.32469940185547	0.015488088130950928	[43, 41, 5, 35, 7]	
RandomForestTODAY_GRASP-FS_CIDIDS_RODADA_2_5F(32)	84.09461212158203	68.32469940185547	0.015488088130950928	[43, 41, 5, 35, 7]	
RandomForestTODAY_GRASP-FS_CIDIDS_RODADA_2_5F(33)	84.09461212158203	68.32469940185547	0.015488088130950928	[43, 41, 5, 35, 7]	
RandomForestTODAY_GRASP-FS_CIDIDS_RODADA_2_5F(34)	84.09461212158203	68.32469940185547	0.015488088130950928	[43, 41, 5, 35, 7]	
RandomForestTODAY_GRASP-FS_CIDIDS_RODADA_2_5F(35)	84.09461212158203	68.32469940185547	0.015488088130950928	[43, 41, 5, 35, 7]	
RandomForestTODAY_GRASP-FS_CIDIDS_RODADA_2_5F(36)	84.09461212158203	68.32469940185547	0.015488088130950928	[43, 41, 5, 35, 7]	
RandomForestTODAY_GRASP-FS_CIDIDS_RODADA_2_5F(37)	84.09461212158203	68.32469940185547	0.015488088130950928	[43, 41, 5, 35, 7]	
RandomForestTODAY_GRASP-FS_CIDIDS_RODADA_2_5F(38)	84.09461212158203	68.32469940185547	0.015488088130950928	[43, 41, 5, 35, 7]	
RandomForestTODAY_GRASP-FS_CIDIDS_RODADA_2_5F(39)	84.09461212158203	68.32469940185547	0.015488088130950928	[43, 41, 5, 35, 7]	
RandomForestTODAY_GRASP-FS_CIDIDS_RODADA_2_5F(40)	84.09461212158203	68.32469940185547	0.015488088130950928	[43, 41, 5, 35, 7]	
RandomForestTODAY_GRASP-FS_CIDIDS_RODADA_2_5F(41)	84.09461212158203	68.32469940185547	0.015488088130950928	[43, 41, 5, 35, 7]	
RandomForestTODAY_GRASP-FS_CIDIDS_RODADA_2_5F(42)	84.09461212158203	68.32469940185547	0.015488088130950928	[43, 41, 5, 35, 7]	
RandomForestTODAY_GRASP-FS_CIDIDS_RODADA_2_5F(43)	84.09461212158203	68.32469940185547	0.015488088130950928	[43, 41, 5, 35, 7]	
RandomForestTODAY_GRASP-FS_CIDIDS_RODADA_2_5F(44)	84.09461212158203	68.32469940185547	0.015488088130950928	[43, 41, 5, 35, 7]	
RandomForestTODAY_GRASP-FS_CIDIDS_RODADA_2_5F(45)	84.09461212158203	68.32469940185547	0.015488088130950928	[43, 41, 5, 35, 7]	
RandomForestTODAY_GRASP-FS_CIDIDS_RODADA_2_5F(46)	84.09461212158203	68.32469940185547	0.015488088130950928	[43, 41, 5, 35, 7]	
RandomForestTODAY_GRASP-FS_CIDIDS_RODADA_2_5F(47)	84.09461212158203	68.32469940185547	0.015488088130950928	[43, 41, 5, 35, 7]	
RandomForestTODAY_GRASP-FS_CIDIDS_RODADA_2_5F(48)	84.09461212158203	68.32469940185547	0.015488088130950928	[43, 41, 5, 35, 7]	
RandomForestTODAY_GRASP-FS_CIDIDS_RODADA_2_5F(49)	84.09461212158203	68.32469940185547	0.015488088130950928	[43, 41, 5, 35, 7]	
RandomForestTODAY_GRASP-FS_CIDIDS_RODADA_2_5F(50)	84.09461212158203	68.32469940185547	0.015488088130950928	[43, 41, 5, 35, 7]	
