J48GRASP-RVND_KDD_RODADA_1_5F_	ACURÁCIA	DETECÇÃO	ALARME-FALSO	SELECAO
J48GRASP-RVND_KDD_RODADA_1_5F_(1)	81.68125915527344	22.166162490844727	0.09270704537630081	[33, 39, 3, 36, 23]	
J48GRASP-RVND_KDD_RODADA_1_5F_(2)	81.68125915527344	22.166162490844727	0.09270704537630081	[33, 39, 3, 36, 23]	
J48GRASP-RVND_KDD_RODADA_1_5F_(3)	81.68125915527344	22.166162490844727	0.09270704537630081	[33, 39, 3, 36, 23]	
J48GRASP-RVND_KDD_RODADA_1_5F_(4)	82.90355682373047	27.985200881958008	0.27812114357948303	[10, 11, 37, 3, 1]	
J48GRASP-RVND_KDD_RODADA_1_5F_(5)	82.90355682373047	27.985200881958008	0.27812114357948303	[10, 11, 37, 3, 1]	
J48GRASP-RVND_KDD_RODADA_1_5F_(6)	82.90355682373047	27.985200881958008	0.27812114357948303	[10, 11, 37, 3, 1]	
J48GRASP-RVND_KDD_RODADA_1_5F_(7)	82.90355682373047	27.985200881958008	0.27812114357948303	[10, 11, 37, 3, 1]	
J48GRASP-RVND_KDD_RODADA_1_5F_(8)	82.90355682373047	27.985200881958008	0.27812114357948303	[10, 11, 37, 3, 1]	
J48GRASP-RVND_KDD_RODADA_1_5F_(9)	82.90355682373047	27.985200881958008	0.27812114357948303	[10, 11, 37, 3, 1]	
J48GRASP-RVND_KDD_RODADA_1_5F_(10)	82.90355682373047	27.985200881958008	0.27812114357948303	[10, 11, 37, 3, 1]	
J48GRASP-RVND_KDD_RODADA_1_5F_(11)	82.90355682373047	27.985200881958008	0.27812114357948303	[10, 11, 37, 3, 1]	
J48GRASP-RVND_KDD_RODADA_1_5F_(12)	82.90355682373047	27.985200881958008	0.27812114357948303	[10, 11, 37, 3, 1]	
J48GRASP-RVND_KDD_RODADA_1_5F_(13)	82.90355682373047	27.985200881958008	0.27812114357948303	[10, 11, 37, 3, 1]	
J48GRASP-RVND_KDD_RODADA_1_5F_(14)	82.90355682373047	27.985200881958008	0.27812114357948303	[10, 11, 37, 3, 1]	
J48GRASP-RVND_KDD_RODADA_1_5F_(15)	82.90355682373047	27.985200881958008	0.27812114357948303	[10, 11, 37, 3, 1]	
J48GRASP-RVND_KDD_RODADA_1_5F_(16)	82.90355682373047	27.985200881958008	0.27812114357948303	[10, 11, 37, 3, 1]	
J48GRASP-RVND_KDD_RODADA_1_5F_(17)	82.90355682373047	27.985200881958008	0.27812114357948303	[10, 11, 37, 3, 1]	
J48GRASP-RVND_KDD_RODADA_1_5F_(18)	82.90355682373047	27.985200881958008	0.27812114357948303	[10, 11, 37, 3, 1]	
J48GRASP-RVND_KDD_RODADA_1_5F_(19)	82.90355682373047	27.985200881958008	0.27812114357948303	[10, 11, 37, 3, 1]	
J48GRASP-RVND_KDD_RODADA_1_5F_(20)	82.90355682373047	27.985200881958008	0.27812114357948303	[10, 11, 37, 3, 1]	
J48GRASP-RVND_KDD_RODADA_1_5F_(21)	82.90355682373047	27.985200881958008	0.27812114357948303	[10, 11, 37, 3, 1]	
J48GRASP-RVND_KDD_RODADA_1_5F_(22)	82.90355682373047	27.985200881958008	0.27812114357948303	[10, 11, 37, 3, 1]	
J48GRASP-RVND_KDD_RODADA_1_5F_(23)	82.90355682373047	27.985200881958008	0.27812114357948303	[10, 11, 37, 3, 1]	
J48GRASP-RVND_KDD_RODADA_1_5F_(24)	82.90355682373047	27.985200881958008	0.27812114357948303	[10, 11, 37, 3, 1]	
J48GRASP-RVND_KDD_RODADA_1_5F_(25)	82.90355682373047	27.985200881958008	0.27812114357948303	[10, 11, 37, 3, 1]	
J48GRASP-RVND_KDD_RODADA_1_5F_(26)	82.90355682373047	27.985200881958008	0.27812114357948303	[10, 11, 37, 3, 1]	
J48GRASP-RVND_KDD_RODADA_1_5F_(27)	82.90355682373047	27.985200881958008	0.27812114357948303	[10, 11, 37, 3, 1]	
J48GRASP-RVND_KDD_RODADA_1_5F_(28)	82.90355682373047	27.985200881958008	0.27812114357948303	[10, 11, 37, 3, 1]	
J48GRASP-RVND_KDD_RODADA_1_5F_(29)	82.90355682373047	27.985200881958008	0.27812114357948303	[10, 11, 37, 3, 1]	
J48GRASP-RVND_KDD_RODADA_1_5F_(30)	82.90355682373047	27.985200881958008	0.27812114357948303	[10, 11, 37, 3, 1]	
J48GRASP-RVND_KDD_RODADA_1_5F_(31)	82.90355682373047	27.985200881958008	0.27812114357948303	[10, 11, 37, 3, 1]	
J48GRASP-RVND_KDD_RODADA_1_5F_(32)	82.90355682373047	27.985200881958008	0.27812114357948303	[10, 11, 37, 3, 1]	
J48GRASP-RVND_KDD_RODADA_1_5F_(33)	82.90355682373047	27.985200881958008	0.27812114357948303	[10, 11, 37, 3, 1]	
J48GRASP-RVND_KDD_RODADA_1_5F_(34)	82.90355682373047	27.985200881958008	0.27812114357948303	[10, 11, 37, 3, 1]	
J48GRASP-RVND_KDD_RODADA_1_5F_(35)	82.90355682373047	27.985200881958008	0.27812114357948303	[10, 11, 37, 3, 1]	
J48GRASP-RVND_KDD_RODADA_1_5F_(36)	82.90355682373047	27.985200881958008	0.27812114357948303	[10, 11, 37, 3, 1]	
J48GRASP-RVND_KDD_RODADA_1_5F_(37)	82.90355682373047	27.985200881958008	0.27812114357948303	[10, 11, 37, 3, 1]	
J48GRASP-RVND_KDD_RODADA_1_5F_(38)	82.90355682373047	27.985200881958008	0.27812114357948303	[10, 11, 37, 3, 1]	
J48GRASP-RVND_KDD_RODADA_1_5F_(39)	82.90355682373047	27.985200881958008	0.27812114357948303	[10, 11, 37, 3, 1]	
J48GRASP-RVND_KDD_RODADA_1_5F_(40)	82.90355682373047	27.985200881958008	0.27812114357948303	[10, 11, 37, 3, 1]	
J48GRASP-RVND_KDD_RODADA_1_5F_(41)	82.90355682373047	27.985200881958008	0.27812114357948303	[10, 11, 37, 3, 1]	
J48GRASP-RVND_KDD_RODADA_1_5F_(42)	82.90355682373047	27.985200881958008	0.27812114357948303	[10, 11, 37, 3, 1]	
J48GRASP-RVND_KDD_RODADA_1_5F_(43)	82.90355682373047	27.985200881958008	0.27812114357948303	[10, 11, 37, 3, 1]	
J48GRASP-RVND_KDD_RODADA_1_5F_(44)	82.90355682373047	27.985200881958008	0.27812114357948303	[10, 11, 37, 3, 1]	
J48GRASP-RVND_KDD_RODADA_1_5F_(45)	82.94298553466797	28.018836975097656	0.23691800236701965	[40, 10, 1, 3, 37]	
J48GRASP-RVND_KDD_RODADA_1_5F_(46)	82.94298553466797	28.018836975097656	0.23691800236701965	[40, 10, 1, 3, 37]	
J48GRASP-RVND_KDD_RODADA_1_5F_(47)	82.94298553466797	28.018836975097656	0.23691800236701965	[40, 10, 1, 3, 37]	
J48GRASP-RVND_KDD_RODADA_1_5F_(48)	82.94298553466797	28.018836975097656	0.23691800236701965	[40, 10, 1, 3, 37]	
J48GRASP-RVND_KDD_RODADA_1_5F_(49)	82.94298553466797	28.018836975097656	0.23691800236701965	[40, 10, 1, 3, 37]	
J48GRASP-RVND_KDD_RODADA_1_5F_(50)	82.94298553466797	28.018836975097656	0.23691800236701965	[40, 10, 1, 3, 37]	
