NBTree_KDD_RODADA_1_5F_	ACURÁCIA	DETECÇÃO	ALARME-FALSO	SELECAO
NBTree_KDD_RODADA_1_5F_(1)	80.64032745361328	17.6589298248291	0.07210548222064972	[5, 24, 1, 10, 9]	
NBTree_KDD_RODADA_1_5F_(2)	80.64032745361328	17.6589298248291	0.07210548222064972	[5, 24, 1, 10, 9]	
NBTree_KDD_RODADA_1_5F_(3)	82.50138092041016	25.5970401763916	0.07210548222064972	[11, 3, 1, 17, 33]	
NBTree_KDD_RODADA_1_5F_(4)	82.50138092041016	25.5970401763916	0.07210548222064972	[11, 3, 1, 17, 33]	
NBTree_KDD_RODADA_1_5F_(5)	82.50138092041016	25.5970401763916	0.07210548222064972	[11, 3, 1, 17, 33]	
NBTree_KDD_RODADA_1_5F_(6)	82.64332580566406	26.26976203918457	0.09270704537630081	[13, 3, 33, 1, 36]	
NBTree_KDD_RODADA_1_5F_(7)	82.64332580566406	26.26976203918457	0.09270704537630081	[13, 3, 33, 1, 36]	
NBTree_KDD_RODADA_1_5F_(8)	82.64332580566406	26.26976203918457	0.09270704537630081	[13, 3, 33, 1, 36]	
NBTree_KDD_RODADA_1_5F_(9)	82.64332580566406	26.26976203918457	0.09270704537630081	[13, 3, 33, 1, 36]	
NBTree_KDD_RODADA_1_5F_(10)	82.64332580566406	26.26976203918457	0.09270704537630081	[13, 3, 33, 1, 36]	
NBTree_KDD_RODADA_1_5F_	ACURÁCIA	DETECÇÃO	ALARME-FALSO	SELECAO
NBTree_KDD_RODADA_1_5F_(1)	84.06277465820312	32.1224365234375	0.030902348458766937	[11, 1, 10, 22, 23]	
NBTree_KDD_RODADA_1_5F_(2)	84.06277465820312	32.1224365234375	0.030902348458766937	[11, 1, 10, 22, 23]	
NBTree_KDD_RODADA_1_5F_(3)	84.06277465820312	32.1224365234375	0.030902348458766937	[11, 1, 10, 22, 23]	
NBTree_KDD_RODADA_1_5F_(4)	84.06277465820312	32.1224365234375	0.030902348458766937	[11, 1, 10, 22, 23]	
NBTree_KDD_RODADA_1_5F_(5)	84.06277465820312	32.1224365234375	0.030902348458766937	[11, 1, 10, 22, 23]	
NBTree_KDD_RODADA_1_5F_(6)	84.06277465820312	32.1224365234375	0.030902348458766937	[11, 1, 10, 22, 23]	
NBTree_KDD_RODADA_1_5F_(7)	84.76461029052734	35.351497650146484	0.10300783067941666	[13, 3, 6, 36, 9]	
NBTree_KDD_RODADA_1_5F_(8)	84.76461029052734	35.351497650146484	0.10300783067941666	[13, 3, 6, 36, 9]	
NBTree_KDD_RODADA_1_5F_(9)	84.76461029052734	35.351497650146484	0.10300783067941666	[13, 3, 6, 36, 9]	
NBTree_KDD_RODADA_1_5F_(10)	84.76461029052734	35.351497650146484	0.10300783067941666	[13, 3, 6, 36, 9]	
NBTree_KDD_RODADA_1_5F_(11)	84.76461029052734	35.351497650146484	0.10300783067941666	[13, 3, 6, 36, 9]	
NBTree_KDD_RODADA_1_5F_(12)	84.76461029052734	35.351497650146484	0.10300783067941666	[13, 3, 6, 36, 9]	
NBTree_KDD_RODADA_1_5F_(13)	84.76461029052734	35.351497650146484	0.10300783067941666	[13, 3, 6, 36, 9]	
NBTree_KDD_RODADA_1_5F_(14)	84.76461029052734	35.351497650146484	0.10300783067941666	[13, 3, 6, 36, 9]	
NBTree_KDD_RODADA_1_5F_(15)	84.76461029052734	35.351497650146484	0.10300783067941666	[13, 3, 6, 36, 9]	
NBTree_KDD_RODADA_1_5F_(16)	84.76461029052734	35.351497650146484	0.10300783067941666	[13, 3, 6, 36, 9]	
NBTree_KDD_RODADA_1_5F_(17)	84.76461029052734	35.351497650146484	0.10300783067941666	[13, 3, 6, 36, 9]	
NBTree_KDD_RODADA_1_5F_(18)	84.76461029052734	35.351497650146484	0.10300783067941666	[13, 3, 6, 36, 9]	
NBTree_KDD_RODADA_1_5F_(19)	84.76461029052734	35.351497650146484	0.10300783067941666	[13, 3, 6, 36, 9]	
NBTree_KDD_RODADA_1_5F_(20)	84.76461029052734	35.351497650146484	0.10300783067941666	[13, 3, 6, 36, 9]	
NBTree_KDD_RODADA_1_5F_(21)	84.76461029052734	35.351497650146484	0.10300783067941666	[13, 3, 6, 36, 9]	
NBTree_KDD_RODADA_1_5F_(22)	84.76461029052734	35.351497650146484	0.10300783067941666	[13, 3, 6, 36, 9]	
NBTree_KDD_RODADA_1_5F_(23)	84.76461029052734	35.351497650146484	0.10300783067941666	[13, 3, 6, 36, 9]	
NBTree_KDD_RODADA_1_5F_(24)	84.76461029052734	35.351497650146484	0.10300783067941666	[13, 3, 6, 36, 9]	
NBTree_KDD_RODADA_1_5F_(25)	84.76461029052734	35.351497650146484	0.10300783067941666	[13, 3, 6, 36, 9]	
NBTree_KDD_RODADA_1_5F_(26)	84.76461029052734	35.351497650146484	0.10300783067941666	[13, 3, 6, 36, 9]	
NBTree_KDD_RODADA_1_5F_(27)	84.76461029052734	35.351497650146484	0.10300783067941666	[13, 3, 6, 36, 9]	
NBTree_KDD_RODADA_1_5F_(28)	84.76461029052734	35.351497650146484	0.10300783067941666	[13, 3, 6, 36, 9]	
NBTree_KDD_RODADA_1_5F_(29)	85.09580993652344	36.66330337524414	0.07210548222064972	[6, 38, 3, 1, 11]	
NBTree_KDD_RODADA_1_5F_(30)	85.09580993652344	36.66330337524414	0.07210548222064972	[6, 38, 3, 1, 11]	
NBTree_KDD_RODADA_1_5F_(31)	85.09580993652344	36.66330337524414	0.07210548222064972	[6, 38, 3, 1, 11]	
NBTree_KDD_RODADA_1_5F_(32)	85.09580993652344	36.66330337524414	0.07210548222064972	[6, 38, 3, 1, 11]	
NBTree_KDD_RODADA_1_5F_(33)	85.09580993652344	36.66330337524414	0.07210548222064972	[6, 38, 3, 1, 11]	
NBTree_KDD_RODADA_1_5F_(34)	85.09580993652344	36.66330337524414	0.07210548222064972	[6, 38, 3, 1, 11]	
NBTree_KDD_RODADA_1_5F_(35)	85.09580993652344	36.66330337524414	0.07210548222064972	[6, 38, 3, 1, 11]	
NBTree_KDD_RODADA_1_5F_(36)	85.09580993652344	36.66330337524414	0.07210548222064972	[6, 38, 3, 1, 11]	
NBTree_KDD_RODADA_1_5F_(37)	85.09580993652344	36.66330337524414	0.07210548222064972	[6, 38, 3, 1, 11]	
NBTree_KDD_RODADA_1_5F_(38)	85.09580993652344	36.66330337524414	0.07210548222064972	[6, 38, 3, 1, 11]	
NBTree_KDD_RODADA_1_5F_(39)	85.09580993652344	36.66330337524414	0.07210548222064972	[6, 38, 3, 1, 11]	
NBTree_KDD_RODADA_1_5F_(40)	85.09580993652344	36.66330337524414	0.07210548222064972	[6, 38, 3, 1, 11]	
NBTree_KDD_RODADA_1_5F_(41)	85.09580993652344	36.66330337524414	0.07210548222064972	[6, 38, 3, 1, 11]	
NBTree_KDD_RODADA_1_5F_(42)	85.09580993652344	36.66330337524414	0.07210548222064972	[6, 38, 3, 1, 11]	
NBTree_KDD_RODADA_1_5F_(43)	85.09580993652344	36.66330337524414	0.07210548222064972	[6, 38, 3, 1, 11]	
NBTree_KDD_RODADA_1_5F_(44)	85.09580993652344	36.66330337524414	0.07210548222064972	[6, 38, 3, 1, 11]	
NBTree_KDD_RODADA_1_5F_(45)	85.09580993652344	36.66330337524414	0.07210548222064972	[6, 38, 3, 1, 11]	
NBTree_KDD_RODADA_1_5F_(46)	85.09580993652344	36.66330337524414	0.07210548222064972	[6, 38, 3, 1, 11]	
NBTree_KDD_RODADA_1_5F_(47)	85.09580993652344	36.66330337524414	0.07210548222064972	[6, 38, 3, 1, 11]	
NBTree_KDD_RODADA_1_5F_(48)	85.09580993652344	36.66330337524414	0.07210548222064972	[6, 38, 3, 1, 11]	
NBTree_KDD_RODADA_1_5F_(49)	85.09580993652344	36.66330337524414	0.07210548222064972	[6, 38, 3, 1, 11]	
NBTree_KDD_RODADA_1_5F_(50)	85.09580993652344	36.66330337524414	0.07210548222064972	[6, 38, 3, 1, 11]	
