RandomForestCIDIDS_RODADA_1_5F	ACURÁCIA	DETECÇÃO	ALARME-FALSO	SELECAO
RandomForestCIDIDS_RODADA_1_5F(1)	92.41124725341797	99.07196807861328	14.300151824951172	[13, 49, 66, 55, 40]	
RandomForestCIDIDS_RODADA_1_5F(2)	92.41124725341797	99.07196807861328	14.300151824951172	[13, 49, 66, 55, 40]	
RandomForestCIDIDS_RODADA_1_5F(3)	92.41124725341797	99.07196807861328	14.300151824951172	[13, 49, 66, 55, 40]	
RandomForestCIDIDS_RODADA_1_5F(4)	92.41124725341797	99.07196807861328	14.300151824951172	[13, 49, 66, 55, 40]	
RandomForestCIDIDS_RODADA_1_5F(5)	92.41124725341797	99.07196807861328	14.300151824951172	[13, 49, 66, 55, 40]	
RandomForestCIDIDS_RODADA_1_5F(6)	92.41124725341797	99.07196807861328	14.300151824951172	[13, 49, 66, 55, 40]	
RandomForestCIDIDS_RODADA_1_5F(7)	92.41124725341797	99.07196807861328	14.300151824951172	[13, 49, 66, 55, 40]	
RandomForestCIDIDS_RODADA_1_5F(8)	95.77581787109375	98.89173889160156	7.363811492919922	[40, 49, 6, 66, 55]	
RandomForestCIDIDS_RODADA_1_5F(9)	95.77581787109375	98.89173889160156	7.363811492919922	[40, 49, 6, 66, 55]	
RandomForestCIDIDS_RODADA_1_5F(10)	95.77581787109375	98.89173889160156	7.363811492919922	[40, 49, 6, 66, 55]	
RandomForestCIDIDS_RODADA_1_5F(11)	95.77581787109375	98.89173889160156	7.363811492919922	[40, 49, 6, 66, 55]	
RandomForestCIDIDS_RODADA_1_5F(12)	95.77581787109375	98.89173889160156	7.363811492919922	[40, 49, 6, 66, 55]	
RandomForestCIDIDS_RODADA_1_5F(13)	95.77581787109375	98.89173889160156	7.363811492919922	[40, 49, 6, 66, 55]	
RandomForestCIDIDS_RODADA_1_5F(14)	95.77581787109375	98.89173889160156	7.363811492919922	[40, 49, 6, 66, 55]	
RandomForestCIDIDS_RODADA_1_5F(15)	95.77581787109375	98.89173889160156	7.363811492919922	[40, 49, 6, 66, 55]	
RandomForestCIDIDS_RODADA_1_5F(16)	95.77581787109375	98.89173889160156	7.363811492919922	[40, 49, 6, 66, 55]	
RandomForestCIDIDS_RODADA_1_5F(17)	95.77581787109375	98.89173889160156	7.363811492919922	[40, 49, 6, 66, 55]	
RandomForestCIDIDS_RODADA_1_5F(18)	95.77581787109375	98.89173889160156	7.363811492919922	[40, 49, 6, 66, 55]	
RandomForestCIDIDS_RODADA_1_5F(19)	95.77581787109375	98.89173889160156	7.363811492919922	[40, 49, 6, 66, 55]	
RandomForestCIDIDS_RODADA_1_5F(20)	95.77581787109375	98.89173889160156	7.363811492919922	[40, 49, 6, 66, 55]	
RandomForestCIDIDS_RODADA_1_5F(21)	95.77581787109375	98.89173889160156	7.363811492919922	[40, 49, 6, 66, 55]	
RandomForestCIDIDS_RODADA_1_5F(22)	95.77581787109375	98.89173889160156	7.363811492919922	[40, 49, 6, 66, 55]	
RandomForestCIDIDS_RODADA_1_5F(23)	95.77581787109375	98.89173889160156	7.363811492919922	[40, 49, 6, 66, 55]	
RandomForestCIDIDS_RODADA_1_5F(24)	95.77581787109375	98.89173889160156	7.363811492919922	[40, 49, 6, 66, 55]	
RandomForestCIDIDS_RODADA_1_5F(25)	95.77581787109375	98.89173889160156	7.363811492919922	[40, 49, 6, 66, 55]	
RandomForestCIDIDS_RODADA_1_5F(26)	95.77581787109375	98.89173889160156	7.363811492919922	[40, 49, 6, 66, 55]	
RandomForestCIDIDS_RODADA_1_5F(27)	95.77581787109375	98.89173889160156	7.363811492919922	[40, 49, 6, 66, 55]	
RandomForestCIDIDS_RODADA_1_5F(28)	95.77581787109375	98.89173889160156	7.363811492919922	[40, 49, 6, 66, 55]	
RandomForestCIDIDS_RODADA_1_5F(29)	95.77581787109375	98.89173889160156	7.363811492919922	[40, 49, 6, 66, 55]	
RandomForestCIDIDS_RODADA_1_5F(30)	95.77581787109375	98.89173889160156	7.363811492919922	[40, 49, 6, 66, 55]	
RandomForestCIDIDS_RODADA_1_5F(31)	95.77581787109375	98.89173889160156	7.363811492919922	[40, 49, 6, 66, 55]	
RandomForestCIDIDS_RODADA_1_5F(32)	95.77581787109375	98.89173889160156	7.363811492919922	[40, 49, 6, 66, 55]	
RandomForestCIDIDS_RODADA_1_5F(33)	95.77581787109375	98.89173889160156	7.363811492919922	[40, 49, 6, 66, 55]	
RandomForestCIDIDS_RODADA_1_5F(34)	95.77581787109375	98.89173889160156	7.363811492919922	[40, 49, 6, 66, 55]	
RandomForestCIDIDS_RODADA_1_5F(35)	95.77581787109375	98.89173889160156	7.363811492919922	[40, 49, 6, 66, 55]	
RandomForestCIDIDS_RODADA_1_5F(36)	95.77581787109375	98.89173889160156	7.363811492919922	[40, 49, 6, 66, 55]	
RandomForestCIDIDS_RODADA_1_5F(37)	95.77581787109375	98.89173889160156	7.363811492919922	[40, 49, 6, 66, 55]	
RandomForestCIDIDS_RODADA_1_5F(38)	95.77581787109375	98.89173889160156	7.363811492919922	[40, 49, 6, 66, 55]	
RandomForestCIDIDS_RODADA_1_5F(39)	95.77581787109375	98.89173889160156	7.363811492919922	[40, 49, 6, 66, 55]	
RandomForestCIDIDS_RODADA_1_5F(40)	95.77581787109375	98.89173889160156	7.363811492919922	[40, 49, 6, 66, 55]	
RandomForestCIDIDS_RODADA_1_5F(41)	95.77581787109375	98.89173889160156	7.363811492919922	[40, 49, 6, 66, 55]	
RandomForestCIDIDS_RODADA_1_5F(42)	95.77581787109375	98.89173889160156	7.363811492919922	[40, 49, 6, 66, 55]	
RandomForestCIDIDS_RODADA_1_5F(43)	95.77581787109375	98.89173889160156	7.363811492919922	[40, 49, 6, 66, 55]	
RandomForestCIDIDS_RODADA_1_5F(44)	95.77581787109375	98.89173889160156	7.363811492919922	[40, 49, 6, 66, 55]	
RandomForestCIDIDS_RODADA_1_5F(45)	95.77581787109375	98.89173889160156	7.363811492919922	[40, 49, 6, 66, 55]	
RandomForestCIDIDS_RODADA_1_5F(46)	95.77581787109375	98.89173889160156	7.363811492919922	[40, 49, 6, 66, 55]	
RandomForestCIDIDS_RODADA_1_5F(47)	95.77581787109375	98.89173889160156	7.363811492919922	[40, 49, 6, 66, 55]	
RandomForestCIDIDS_RODADA_1_5F(48)	95.77581787109375	98.89173889160156	7.363811492919922	[40, 49, 6, 66, 55]	
RandomForestCIDIDS_RODADA_1_5F(49)	95.77581787109375	98.89173889160156	7.363811492919922	[40, 49, 6, 66, 55]	
RandomForestCIDIDS_RODADA_1_5F(50)	95.77581787109375	98.89173889160156	7.363811492919922	[40, 49, 6, 66, 55]	
RandomForestCIDIDS_RODADA_1_5F(51)	95.77581787109375	98.89173889160156	7.363811492919922	[40, 49, 6, 66, 55]	
RandomForestCIDIDS_RODADA_1_5F(52)	95.77581787109375	98.89173889160156	7.363811492919922	[40, 49, 6, 66, 55]	
RandomForestCIDIDS_RODADA_1_5F(53)	95.77581787109375	98.89173889160156	7.363811492919922	[40, 49, 6, 66, 55]	
RandomForestCIDIDS_RODADA_1_5F(54)	95.77581787109375	98.89173889160156	7.363811492919922	[40, 49, 6, 66, 55]	
RandomForestCIDIDS_RODADA_1_5F(55)	95.77581787109375	98.89173889160156	7.363811492919922	[40, 49, 6, 66, 55]	
RandomForestCIDIDS_RODADA_1_5F(56)	95.77581787109375	98.89173889160156	7.363811492919922	[40, 49, 6, 66, 55]	
RandomForestCIDIDS_RODADA_1_5F(57)	95.77581787109375	98.89173889160156	7.363811492919922	[40, 49, 6, 66, 55]	
RandomForestCIDIDS_RODADA_1_5F(58)	95.77581787109375	98.89173889160156	7.363811492919922	[40, 49, 6, 66, 55]	
RandomForestCIDIDS_RODADA_1_5F(59)	95.77581787109375	98.89173889160156	7.363811492919922	[40, 49, 6, 66, 55]	
RandomForestCIDIDS_RODADA_1_5F(60)	95.77581787109375	98.89173889160156	7.363811492919922	[40, 49, 6, 66, 55]	
