J48CIDIDS_RODADA_1_5F	ACURÁCIA	DETECÇÃO	ALARME-FALSO	SELECAO
J48CIDIDS_RODADA_1_5F(1)	98.16024017333984	97.29582977294922	0.9687798619270325	[56, 41, 40, 49, 42]	
J48CIDIDS_RODADA_1_5F(2)	98.16024017333984	97.29582977294922	0.9687798619270325	[56, 41, 40, 49, 42]	
J48CIDIDS_RODADA_1_5F(3)	98.16024017333984	97.29582977294922	0.9687798619270325	[56, 41, 40, 49, 42]	
J48CIDIDS_RODADA_1_5F(4)	98.16024017333984	97.29582977294922	0.9687798619270325	[56, 41, 40, 49, 42]	
J48CIDIDS_RODADA_1_5F(5)	98.16024017333984	97.29582977294922	0.9687798619270325	[56, 41, 40, 49, 42]	
J48CIDIDS_RODADA_1_5F(6)	98.16024017333984	97.29582977294922	0.9687798619270325	[56, 41, 40, 49, 42]	
J48CIDIDS_RODADA_1_5F(7)	98.16024017333984	97.29582977294922	0.9687798619270325	[56, 41, 40, 49, 42]	
J48CIDIDS_RODADA_1_5F(8)	98.16024017333984	97.29582977294922	0.9687798619270325	[56, 41, 40, 49, 42]	
J48CIDIDS_RODADA_1_5F(9)	98.16024017333984	97.29582977294922	0.9687798619270325	[56, 41, 40, 49, 42]	
J48CIDIDS_RODADA_1_5F(10)	98.16024017333984	97.29582977294922	0.9687798619270325	[56, 41, 40, 49, 42]	
J48CIDIDS_RODADA_1_5F(11)	98.16024017333984	97.29582977294922	0.9687798619270325	[56, 41, 40, 49, 42]	
J48CIDIDS_RODADA_1_5F(12)	98.16024017333984	97.29582977294922	0.9687798619270325	[56, 41, 40, 49, 42]	
J48CIDIDS_RODADA_1_5F(13)	98.16024017333984	97.29582977294922	0.9687798619270325	[56, 41, 40, 49, 42]	
J48CIDIDS_RODADA_1_5F(14)	98.16024017333984	97.29582977294922	0.9687798619270325	[56, 41, 40, 49, 42]	
J48CIDIDS_RODADA_1_5F(15)	98.16024017333984	97.29582977294922	0.9687798619270325	[56, 41, 40, 49, 42]	
J48CIDIDS_RODADA_1_5F(16)	98.16024017333984	97.29582977294922	0.9687798619270325	[56, 41, 40, 49, 42]	
J48CIDIDS_RODADA_1_5F(17)	98.16024017333984	97.29582977294922	0.9687798619270325	[56, 41, 40, 49, 42]	
J48CIDIDS_RODADA_1_5F(18)	98.16024017333984	97.29582977294922	0.9687798619270325	[56, 41, 40, 49, 42]	
J48CIDIDS_RODADA_1_5F(19)	98.16024017333984	97.29582977294922	0.9687798619270325	[56, 41, 40, 49, 42]	
J48CIDIDS_RODADA_1_5F(20)	98.16024017333984	97.29582977294922	0.9687798619270325	[56, 41, 40, 49, 42]	
J48CIDIDS_RODADA_1_5F(21)	98.16024017333984	97.29582977294922	0.9687798619270325	[56, 41, 40, 49, 42]	
J48CIDIDS_RODADA_1_5F(22)	98.16024017333984	97.29582977294922	0.9687798619270325	[56, 41, 40, 49, 42]	
J48CIDIDS_RODADA_1_5F(23)	98.16024017333984	97.29582977294922	0.9687798619270325	[56, 41, 40, 49, 42]	
J48CIDIDS_RODADA_1_5F(24)	98.16024017333984	97.29582977294922	0.9687798619270325	[56, 41, 40, 49, 42]	
J48CIDIDS_RODADA_1_5F(25)	98.16024017333984	97.29582977294922	0.9687798619270325	[56, 41, 40, 49, 42]	
J48CIDIDS_RODADA_1_5F(26)	98.16024017333984	97.29582977294922	0.9687798619270325	[56, 41, 40, 49, 42]	
J48CIDIDS_RODADA_1_5F(27)	98.16024017333984	97.29582977294922	0.9687798619270325	[56, 41, 40, 49, 42]	
J48CIDIDS_RODADA_1_5F(28)	98.16024017333984	97.29582977294922	0.9687798619270325	[56, 41, 40, 49, 42]	
J48CIDIDS_RODADA_1_5F(29)	98.16024017333984	97.29582977294922	0.9687798619270325	[56, 41, 40, 49, 42]	
J48CIDIDS_RODADA_1_5F(30)	98.16024017333984	97.29582977294922	0.9687798619270325	[56, 41, 40, 49, 42]	
J48CIDIDS_RODADA_1_5F(31)	98.16024017333984	97.29582977294922	0.9687798619270325	[56, 41, 40, 49, 42]	
J48CIDIDS_RODADA_1_5F(32)	98.16024017333984	97.29582977294922	0.9687798619270325	[56, 41, 40, 49, 42]	
J48CIDIDS_RODADA_1_5F(33)	98.16024017333984	97.29582977294922	0.9687798619270325	[56, 41, 40, 49, 42]	
J48CIDIDS_RODADA_1_5F(34)	98.16024017333984	97.29582977294922	0.9687798619270325	[56, 41, 40, 49, 42]	
J48CIDIDS_RODADA_1_5F(35)	98.16024017333984	97.29582977294922	0.9687798619270325	[56, 41, 40, 49, 42]	
J48CIDIDS_RODADA_1_5F(36)	98.16024017333984	97.29582977294922	0.9687798619270325	[56, 41, 40, 49, 42]	
J48CIDIDS_RODADA_1_5F(37)	98.16024017333984	97.29582977294922	0.9687798619270325	[56, 41, 40, 49, 42]	
J48CIDIDS_RODADA_1_5F(38)	98.16024017333984	97.29582977294922	0.9687798619270325	[56, 41, 40, 49, 42]	
J48CIDIDS_RODADA_1_5F(39)	98.16024017333984	97.29582977294922	0.9687798619270325	[56, 41, 40, 49, 42]	
J48CIDIDS_RODADA_1_5F(40)	98.16024017333984	97.29582977294922	0.9687798619270325	[56, 41, 40, 49, 42]	
J48CIDIDS_RODADA_1_5F(41)	98.16024017333984	97.29582977294922	0.9687798619270325	[56, 41, 40, 49, 42]	
J48CIDIDS_RODADA_1_5F(42)	98.16024017333984	97.29582977294922	0.9687798619270325	[56, 41, 40, 49, 42]	
J48CIDIDS_RODADA_1_5F(43)	98.16024017333984	97.29582977294922	0.9687798619270325	[56, 41, 40, 49, 42]	
J48CIDIDS_RODADA_1_5F(44)	98.16024017333984	97.29582977294922	0.9687798619270325	[56, 41, 40, 49, 42]	
J48CIDIDS_RODADA_1_5F(45)	98.16024017333984	97.29582977294922	0.9687798619270325	[56, 41, 40, 49, 42]	
J48CIDIDS_RODADA_1_5F(46)	98.16024017333984	97.29582977294922	0.9687798619270325	[56, 41, 40, 49, 42]	
J48CIDIDS_RODADA_1_5F(47)	98.16024017333984	97.29582977294922	0.9687798619270325	[56, 41, 40, 49, 42]	
J48CIDIDS_RODADA_1_5F(48)	98.16024017333984	97.29582977294922	0.9687798619270325	[56, 41, 40, 49, 42]	
J48CIDIDS_RODADA_1_5F(49)	98.16024017333984	97.29582977294922	0.9687798619270325	[56, 41, 40, 49, 42]	
J48CIDIDS_RODADA_1_5F(50)	98.16024017333984	97.29582977294922	0.9687798619270325	[56, 41, 40, 49, 42]	
J48CIDIDS_RODADA_1_5F(51)	98.16024017333984	97.29582977294922	0.9687798619270325	[56, 41, 40, 49, 42]	
J48CIDIDS_RODADA_1_5F(52)	98.16024017333984	97.29582977294922	0.9687798619270325	[56, 41, 40, 49, 42]	
J48CIDIDS_RODADA_1_5F(53)	98.16024017333984	97.29582977294922	0.9687798619270325	[56, 41, 40, 49, 42]	
J48CIDIDS_RODADA_1_5F(54)	98.16024017333984	97.29582977294922	0.9687798619270325	[56, 41, 40, 49, 42]	
J48CIDIDS_RODADA_1_5F(55)	98.16024017333984	97.29582977294922	0.9687798619270325	[56, 41, 40, 49, 42]	
J48CIDIDS_RODADA_1_5F(56)	98.16024017333984	97.29582977294922	0.9687798619270325	[56, 41, 40, 49, 42]	
