KNN_KDD_RODADA_1_5F_	ACURÁCIA	DETECÇÃO	ALARME-FALSO	SELECAO
KNN_KDD_RODADA_1_5F_(1)	84.59900665283203	34.44332504272461	0.041203130036592484	[10, 13, 6, 22, 3]	
KNN_KDD_RODADA_1_5F_(2)	84.59900665283203	34.44332504272461	0.041203130036592484	[10, 13, 6, 22, 3]	
KNN_KDD_RODADA_1_5F_(3)	84.59900665283203	34.44332504272461	0.041203130036592484	[10, 13, 6, 22, 3]	
KNN_KDD_RODADA_1_5F_(4)	84.59900665283203	34.44332504272461	0.041203130036592484	[10, 13, 6, 22, 3]	
KNN_KDD_RODADA_1_5F_(5)	84.59900665283203	34.44332504272461	0.041203130036592484	[10, 13, 6, 22, 3]	
KNN_KDD_RODADA_1_5F_	ACURÁCIA	DETECÇÃO	ALARME-FALSO	SELECAO
KNN_KDD_RODADA_1_5F_(1)	81.4998779296875	21.42616844177246	0.10300783067941666	[10, 22, 6, 1, 11]	
KNN_KDD_RODADA_1_5F_(2)	81.4998779296875	21.42616844177246	0.10300783067941666	[10, 22, 6, 1, 11]	
KNN_KDD_RODADA_1_5F_(3)	81.4998779296875	21.42616844177246	0.10300783067941666	[10, 22, 6, 1, 11]	
KNN_KDD_RODADA_1_5F_(4)	81.4998779296875	21.42616844177246	0.10300783067941666	[10, 22, 6, 1, 11]	
KNN_KDD_RODADA_1_5F_(5)	81.4998779296875	21.42616844177246	0.10300783067941666	[10, 22, 6, 1, 11]	
KNN_KDD_RODADA_1_5F_(6)	81.4998779296875	21.42616844177246	0.10300783067941666	[10, 22, 6, 1, 11]	
KNN_KDD_RODADA_1_5F_(7)	81.4998779296875	21.42616844177246	0.10300783067941666	[10, 22, 6, 1, 11]	
KNN_KDD_RODADA_1_5F_(8)	81.4998779296875	21.42616844177246	0.10300783067941666	[10, 22, 6, 1, 11]	
KNN_KDD_RODADA_1_5F_(9)	81.4998779296875	21.42616844177246	0.10300783067941666	[10, 22, 6, 1, 11]	
KNN_KDD_RODADA_1_5F_(10)	81.87051391601562	23.007062911987305	0.10300783067941666	[6, 36, 3, 11, 13]	
KNN_KDD_RODADA_1_5F_(11)	81.87051391601562	23.007062911987305	0.10300783067941666	[6, 36, 3, 11, 13]	
KNN_KDD_RODADA_1_5F_(12)	81.87051391601562	23.007062911987305	0.10300783067941666	[6, 36, 3, 11, 13]	
KNN_KDD_RODADA_1_5F_(13)	81.87051391601562	23.007062911987305	0.10300783067941666	[6, 36, 3, 11, 13]	
KNN_KDD_RODADA_1_5F_(14)	81.87051391601562	23.007062911987305	0.10300783067941666	[6, 36, 3, 11, 13]	
KNN_KDD_RODADA_1_5F_(15)	81.87051391601562	23.007062911987305	0.10300783067941666	[6, 36, 3, 11, 13]	
KNN_KDD_RODADA_1_5F_(16)	81.87051391601562	23.007062911987305	0.10300783067941666	[6, 36, 3, 11, 13]	
KNN_KDD_RODADA_1_5F_(17)	81.90994262695312	23.10797119140625	0.08240626007318497	[36, 39, 37, 5, 3]	
KNN_KDD_RODADA_1_5F_(18)	81.90994262695312	23.10797119140625	0.08240626007318497	[36, 39, 37, 5, 3]	
KNN_KDD_RODADA_1_5F_(19)	81.90994262695312	23.10797119140625	0.08240626007318497	[36, 39, 37, 5, 3]	
KNN_KDD_RODADA_1_5F_(20)	81.90994262695312	23.10797119140625	0.08240626007318497	[36, 39, 37, 5, 3]	
KNN_KDD_RODADA_1_5F_(21)	81.90994262695312	23.10797119140625	0.08240626007318497	[36, 39, 37, 5, 3]	
KNN_KDD_RODADA_1_5F_(22)	81.90994262695312	23.10797119140625	0.08240626007318497	[36, 39, 37, 5, 3]	
KNN_KDD_RODADA_1_5F_(23)	81.90994262695312	23.10797119140625	0.08240626007318497	[36, 39, 37, 5, 3]	
KNN_KDD_RODADA_1_5F_(24)	81.90994262695312	23.10797119140625	0.08240626007318497	[36, 39, 37, 5, 3]	
KNN_KDD_RODADA_1_5F_(25)	81.90994262695312	23.10797119140625	0.08240626007318497	[36, 39, 37, 5, 3]	
KNN_KDD_RODADA_1_5F_(26)	81.90994262695312	23.10797119140625	0.08240626007318497	[36, 39, 37, 5, 3]	
KNN_KDD_RODADA_1_5F_(27)	81.90994262695312	23.10797119140625	0.08240626007318497	[36, 39, 37, 5, 3]	
KNN_KDD_RODADA_1_5F_(28)	81.90994262695312	23.10797119140625	0.08240626007318497	[36, 39, 37, 5, 3]	
KNN_KDD_RODADA_1_5F_(29)	81.90994262695312	23.10797119140625	0.08240626007318497	[36, 39, 37, 5, 3]	
KNN_KDD_RODADA_1_5F_(30)	81.90994262695312	23.10797119140625	0.08240626007318497	[36, 39, 37, 5, 3]	
KNN_KDD_RODADA_1_5F_(31)	81.90994262695312	23.10797119140625	0.08240626007318497	[36, 39, 37, 5, 3]	
KNN_KDD_RODADA_1_5F_(32)	81.90994262695312	23.10797119140625	0.08240626007318497	[36, 39, 37, 5, 3]	
KNN_KDD_RODADA_1_5F_(33)	81.90994262695312	23.10797119140625	0.08240626007318497	[36, 39, 37, 5, 3]	
KNN_KDD_RODADA_1_5F_(34)	81.90994262695312	23.10797119140625	0.08240626007318497	[36, 39, 37, 5, 3]	
KNN_KDD_RODADA_1_5F_(35)	81.90994262695312	23.10797119140625	0.08240626007318497	[36, 39, 37, 5, 3]	
KNN_KDD_RODADA_1_5F_(36)	83.81831359863281	31.0797176361084	0.030902348458766937	[6, 10, 3, 13, 9]	
KNN_KDD_RODADA_1_5F_(37)	83.81831359863281	31.0797176361084	0.030902348458766937	[6, 10, 3, 13, 9]	
KNN_KDD_RODADA_1_5F_(38)	83.81831359863281	31.0797176361084	0.030902348458766937	[6, 10, 3, 13, 9]	
KNN_KDD_RODADA_1_5F_(39)	83.81831359863281	31.0797176361084	0.030902348458766937	[6, 10, 3, 13, 9]	
KNN_KDD_RODADA_1_5F_(40)	83.81831359863281	31.0797176361084	0.030902348458766937	[6, 10, 3, 13, 9]	
KNN_KDD_RODADA_1_5F_(41)	83.81831359863281	31.0797176361084	0.030902348458766937	[6, 10, 3, 13, 9]	
KNN_KDD_RODADA_1_5F_(42)	83.81831359863281	31.0797176361084	0.030902348458766937	[6, 10, 3, 13, 9]	
KNN_KDD_RODADA_1_5F_(43)	83.81831359863281	31.0797176361084	0.030902348458766937	[6, 10, 3, 13, 9]	
KNN_KDD_RODADA_1_5F_(44)	83.81831359863281	31.0797176361084	0.030902348458766937	[6, 10, 3, 13, 9]	
KNN_KDD_RODADA_1_5F_(45)	83.81831359863281	31.0797176361084	0.030902348458766937	[6, 10, 3, 13, 9]	
KNN_KDD_RODADA_1_5F_(46)	83.81831359863281	31.0797176361084	0.030902348458766937	[6, 10, 3, 13, 9]	
KNN_KDD_RODADA_1_5F_(47)	83.81831359863281	31.0797176361084	0.030902348458766937	[6, 10, 3, 13, 9]	
KNN_KDD_RODADA_1_5F_(48)	83.81831359863281	31.0797176361084	0.030902348458766937	[6, 10, 3, 13, 9]	
KNN_KDD_RODADA_1_5F_(49)	83.81831359863281	31.0797176361084	0.030902348458766937	[6, 10, 3, 13, 9]	
KNN_KDD_RODADA_1_5F_(50)	83.81831359863281	31.0797176361084	0.030902348458766937	[6, 10, 3, 13, 9]	
