NaiveBayesWSN_RODADA_1_5F	ACURÁCIA	DETECÇÃO	ALARME-FALSO	SELECAO
NaiveBayesWSN_RODADA_1_5F(1)	97.60994720458984	98.76506805419922	3.469153881072998	[13, 17, 15, 3, 6]	
NaiveBayesWSN_RODADA_1_5F(2)	97.60994720458984	98.76506805419922	3.469153881072998	[3, 8, 17, 15, 6]	
NaiveBayesWSN_RODADA_1_5F(3)	97.60994720458984	98.76506805419922	3.469153881072998	[6, 17, 15, 3, 10]	
NaiveBayesWSN_RODADA_1_5F(4)	97.60994720458984	98.76506805419922	3.469153881072998	[3, 8, 17, 15, 6]	
NaiveBayesWSN_RODADA_1_5F(5)	97.60994720458984	98.76506805419922	3.469153881072998	[9, 12, 17, 15, 3]	
NaiveBayesWSN_RODADA_1_5F(6)	97.60994720458984	98.76506805419922	3.469153881072998	[9, 12, 17, 15, 3]	
NaiveBayesWSN_RODADA_1_5F(7)	97.60994720458984	98.76506805419922	3.469153881072998	[12, 17, 3, 6, 9]	
NaiveBayesWSN_RODADA_1_5F(8)	97.60994720458984	98.76506805419922	3.469153881072998	[13, 8, 15, 3, 6]	
NaiveBayesWSN_RODADA_1_5F(9)	97.60994720458984	98.76506805419922	3.469153881072998	[13, 8, 15, 3, 6]	
NaiveBayesWSN_RODADA_1_5F(10)	97.60994720458984	98.76506805419922	3.469153881072998	[13, 8, 15, 3, 6]	
NaiveBayesWSN_RODADA_1_5F(11)	97.60994720458984	98.76506805419922	3.469153881072998	[13, 8, 15, 3, 6]	
NaiveBayesWSN_RODADA_1_5F(12)	97.60994720458984	98.76506805419922	3.469153881072998	[12, 17, 3, 6, 10]	
NaiveBayesWSN_RODADA_1_5F(13)	97.60994720458984	98.76506805419922	3.469153881072998	[3, 12, 17, 15, 6]	
NaiveBayesWSN_RODADA_1_5F(14)	97.60994720458984	98.76506805419922	3.469153881072998	[17, 6, 15, 3, 10]	
NaiveBayesWSN_RODADA_1_5F(15)	97.60994720458984	98.76506805419922	3.469153881072998	[17, 6, 15, 3, 10]	
NaiveBayesWSN_RODADA_1_5F(16)	97.60994720458984	98.76506805419922	3.469153881072998	[17, 6, 15, 3, 10]	
NaiveBayesWSN_RODADA_1_5F(17)	97.60994720458984	98.76506805419922	3.469153881072998	[12, 17, 3, 6, 10]	
NaiveBayesWSN_RODADA_1_5F(18)	97.60994720458984	98.76506805419922	3.469153881072998	[15, 18, 13, 8, 3]	
NaiveBayesWSN_RODADA_1_5F(19)	97.60994720458984	98.76506805419922	3.469153881072998	[15, 18, 13, 8, 3]	
NaiveBayesWSN_RODADA_1_5F(20)	97.60994720458984	98.76506805419922	3.469153881072998	[9, 3, 8, 17, 15]	
NaiveBayesWSN_RODADA_1_5F(21)	97.60994720458984	98.76506805419922	3.469153881072998	[9, 12, 17, 15, 3]	
NaiveBayesWSN_RODADA_1_5F	ACURÁCIA	DETECÇÃO	ALARME-FALSO	SELECAO
NaiveBayesWSN_RODADA_1_5F(1)	97.60994720458984	98.76506805419922	3.469153881072998	[3, 6, 10, 9, 13]	
NaiveBayesWSN_RODADA_1_5F(2)	97.60994720458984	98.76506805419922	3.469153881072998	[3, 6, 10, 9, 13]	
NaiveBayesWSN_RODADA_1_5F(3)	97.60994720458984	98.76506805419922	3.469153881072998	[3, 13, 15, 18, 8]	
NaiveBayesWSN_RODADA_1_5F(4)	97.60994720458984	98.76506805419922	3.469153881072998	[17, 12, 15, 3, 6]	
NaiveBayesWSN_RODADA_1_5F(5)	97.60994720458984	98.76506805419922	3.469153881072998	[17, 12, 15, 3, 6]	
NaiveBayesWSN_RODADA_1_5F(6)	97.60994720458984	98.76506805419922	3.469153881072998	[17, 12, 15, 3, 6]	
NaiveBayesWSN_RODADA_1_5F(7)	97.60994720458984	98.76506805419922	3.469153881072998	[17, 12, 15, 3, 6]	
NaiveBayesWSN_RODADA_1_5F(8)	97.60994720458984	98.76506805419922	3.469153881072998	[13, 17, 15, 3, 6]	
NaiveBayesWSN_RODADA_1_5F(9)	97.60994720458984	98.76506805419922	3.469153881072998	[13, 17, 15, 3, 6]	
NaiveBayesWSN_RODADA_1_5F(10)	97.60994720458984	98.76506805419922	3.469153881072998	[13, 17, 15, 3, 6]	
NaiveBayesWSN_RODADA_1_5F(11)	97.60994720458984	98.76506805419922	3.469153881072998	[6, 3, 8, 17, 15]	
NaiveBayesWSN_RODADA_1_5F(12)	97.60994720458984	98.76506805419922	3.469153881072998	[3, 17, 12, 15, 6]	
NaiveBayesWSN_RODADA_1_5F(13)	97.60994720458984	98.76506805419922	3.469153881072998	[3, 17, 12, 15, 6]	
NaiveBayesWSN_RODADA_1_5F(14)	97.60994720458984	98.76506805419922	3.469153881072998	[17, 3, 15, 8, 6]	
NaiveBayesWSN_RODADA_1_5F(15)	97.60994720458984	98.76506805419922	3.469153881072998	[12, 8, 3, 6, 10]	
NaiveBayesWSN_RODADA_1_5F(16)	97.60994720458984	98.76506805419922	3.469153881072998	[3, 8, 17, 15, 6]	
NaiveBayesWSN_RODADA_1_5F(17)	97.60994720458984	98.76506805419922	3.469153881072998	[3, 8, 17, 15, 6]	
NaiveBayesWSN_RODADA_1_5F(18)	97.60994720458984	98.76506805419922	3.469153881072998	[3, 8, 17, 15, 2]	
NaiveBayesWSN_RODADA_1_5F(19)	97.60994720458984	98.76506805419922	3.469153881072998	[3, 8, 17, 15, 2]	
NaiveBayesWSN_RODADA_1_5F(20)	97.60994720458984	98.76506805419922	3.469153881072998	[3, 8, 17, 15, 2]	
NaiveBayesWSN_RODADA_1_5F(21)	97.60994720458984	98.76506805419922	3.469153881072998	[13, 8, 15, 3, 6]	
NaiveBayesWSN_RODADA_1_5F(22)	97.60994720458984	98.76506805419922	3.469153881072998	[13, 8, 15, 3, 6]	
NaiveBayesWSN_RODADA_1_5F(23)	97.60994720458984	98.76506805419922	3.469153881072998	[17, 12, 15, 3, 6]	
NaiveBayesWSN_RODADA_1_5F(24)	97.60994720458984	98.76506805419922	3.469153881072998	[17, 6, 15, 3, 10]	
NaiveBayesWSN_RODADA_1_5F(25)	97.60994720458984	98.76506805419922	3.469153881072998	[3, 8, 17, 15, 6]	
NaiveBayesWSN_RODADA_1_5F(26)	97.60994720458984	98.76506805419922	3.469153881072998	[12, 8, 3, 6, 10]	
NaiveBayesWSN_RODADA_1_5F(27)	97.60994720458984	98.76506805419922	3.469153881072998	[6, 15, 17, 3, 9]	
NaiveBayesWSN_RODADA_1_5F(28)	97.60994720458984	98.76506805419922	3.469153881072998	[9, 6, 12, 3, 10]	
NaiveBayesWSN_RODADA_1_5F(29)	97.60994720458984	98.76506805419922	3.469153881072998	[9, 3, 12, 17, 15]	
NaiveBayesWSN_RODADA_1_5F(30)	97.60994720458984	98.76506805419922	3.469153881072998	[12, 17, 3, 6, 10]	
NaiveBayesWSN_RODADA_1_5F(31)	97.60994720458984	98.76506805419922	3.469153881072998	[6, 17, 15, 3, 10]	
NaiveBayesWSN_RODADA_1_5F(32)	97.60994720458984	98.76506805419922	3.469153881072998	[6, 17, 15, 3, 10]	
NaiveBayesWSN_RODADA_1_5F(33)	97.60994720458984	98.76506805419922	3.469153881072998	[6, 17, 15, 3, 10]	
NaiveBayesWSN_RODADA_1_5F(34)	97.60994720458984	98.76506805419922	3.469153881072998	[12, 17, 3, 6, 10]	
NaiveBayesWSN_RODADA_1_5F(35)	97.60994720458984	98.76506805419922	3.469153881072998	[12, 17, 3, 6, 10]	
NaiveBayesWSN_RODADA_1_5F(36)	97.60994720458984	98.76506805419922	3.469153881072998	[17, 12, 15, 3, 6]	
NaiveBayesWSN_RODADA_1_5F(37)	97.60994720458984	98.76506805419922	3.469153881072998	[17, 12, 15, 3, 6]	
NaiveBayesWSN_RODADA_1_5F(38)	97.60994720458984	98.76506805419922	3.469153881072998	[17, 12, 15, 3, 6]	
NaiveBayesWSN_RODADA_1_5F(39)	97.60994720458984	98.76506805419922	3.469153881072998	[12, 9, 8, 3]	
NaiveBayesWSN_RODADA_1_5F(40)	97.60994720458984	98.76506805419922	3.469153881072998	[3, 13, 18, 17, 15]	
NaiveBayesWSN_RODADA_1_5F(41)	97.60994720458984	98.76506805419922	3.469153881072998	[12, 13, 10, 3, 18]	
NaiveBayesWSN_RODADA_1_5F(42)	97.60994720458984	98.76506805419922	3.469153881072998	[13, 3, 18, 17, 15]	
NaiveBayesWSN_RODADA_1_5F(43)	97.60994720458984	98.76506805419922	3.469153881072998	[12, 9, 8, 3]	
NaiveBayesWSN_RODADA_1_5F(44)	97.60994720458984	98.76506805419922	3.469153881072998	[9, 13, 3, 6, 18]	
NaiveBayesWSN_RODADA_1_5F(45)	97.60994720458984	98.76506805419922	3.469153881072998	[17, 3, 8, 15, 6]	
NaiveBayesWSN_RODADA_1_5F(46)	97.60994720458984	98.76506805419922	3.469153881072998	[12, 17, 15, 3, 6]	
NaiveBayesWSN_RODADA_1_5F(47)	97.60994720458984	98.76506805419922	3.469153881072998	[12, 8, 3, 6, 10]	
NaiveBayesWSN_RODADA_1_5F(48)	97.60994720458984	98.76506805419922	3.469153881072998	[13, 17, 15, 3, 6]	
NaiveBayesWSN_RODADA_1_5F(49)	97.60994720458984	98.76506805419922	3.469153881072998	[3, 8, 17, 15, 6]	
NaiveBayesWSN_RODADA_1_5F(50)	97.60994720458984	98.76506805419922	3.469153881072998	[10, 12, 8, 3, 6]	
