NBTreeWSN_RODADA_1_5F	ACURÁCIA	DETECÇÃO	ALARME-FALSO	SELECAO
NBTreeWSN_RODADA_1_5F(1)	99.43033599853516	98.82054138183594	0.0	[5, 17, 11, 3, 6]	
NBTreeWSN_RODADA_1_5F(2)	99.43033599853516	98.82054138183594	0.0	[17, 5, 11, 3, 6]	
NBTreeWSN_RODADA_1_5F(3)	99.43033599853516	98.82054138183594	0.0	[11, 17, 5, 3, 6]	
NBTreeWSN_RODADA_1_5F(4)	99.43033599853516	98.82054138183594	0.0	[17, 5, 11, 6, 13]	
NBTreeWSN_RODADA_1_5F(5)	99.43033599853516	98.82054138183594	0.0	[5, 17, 11, 3, 13]	
NBTreeWSN_RODADA_1_5F(6)	99.43033599853516	98.82054138183594	0.0	[17, 5, 11, 3, 13]	
NBTreeWSN_RODADA_1_5F(7)	99.43033599853516	98.82054138183594	0.0	[5, 17, 11, 6, 13]	
NBTreeWSN_RODADA_1_5F(8)	99.43033599853516	98.82054138183594	0.0	[11, 17, 5, 6, 13]	
NBTreeWSN_RODADA_1_5F(9)	99.43033599853516	98.82054138183594	0.0	[8, 17, 5, 11, 3]	
NBTreeWSN_RODADA_1_5F(10)	99.43033599853516	98.82054138183594	0.0	[8, 17, 11, 5, 3]	
NBTreeWSN_RODADA_1_5F(11)	99.43033599853516	98.82054138183594	0.0	[8, 17, 11, 5, 3]	
NBTreeWSN_RODADA_1_5F(12)	99.43033599853516	98.82054138183594	0.0	[8, 17, 5, 11, 7]	
NBTreeWSN_RODADA_1_5F(13)	99.43033599853516	98.82054138183594	0.0	[17, 5, 11, 6, 12]	
NBTreeWSN_RODADA_1_5F(14)	99.43033599853516	98.82054138183594	0.0	[11, 17, 5, 3, 13]	
NBTreeWSN_RODADA_1_5F(15)	99.43033599853516	98.82054138183594	0.0	[17, 5, 11, 3, 13]	
NBTreeWSN_RODADA_1_5F(16)	99.43033599853516	98.82054138183594	0.0	[8, 17, 5, 11, 7]	
NBTreeWSN_RODADA_1_5F(17)	99.43033599853516	98.82054138183594	0.0	[5, 17, 11, 3, 6]	
NBTreeWSN_RODADA_1_5F(18)	99.43033599853516	98.82054138183594	0.0	[17, 5, 11, 3, 6]	
NBTreeWSN_RODADA_1_5F(19)	99.43033599853516	98.82054138183594	0.0	[17, 5, 11, 3, 6]	
NBTreeWSN_RODADA_1_5F(20)	99.43033599853516	98.82054138183594	0.0	[17, 5, 11, 3, 13]	
NBTreeWSN_RODADA_1_5F(21)	99.43033599853516	98.82054138183594	0.0	[5, 17, 11, 6, 13]	
NBTreeWSN_RODADA_1_5F(22)	99.43033599853516	98.82054138183594	0.0	[5, 17, 11, 3, 6]	
NBTreeWSN_RODADA_1_5F(23)	99.43033599853516	98.82054138183594	0.0	[8, 17, 5, 11, 3]	
NBTreeWSN_RODADA_1_5F(24)	99.43033599853516	98.82054138183594	0.0	[17, 5, 11, 3, 6]	
NBTreeWSN_RODADA_1_5F(25)	99.43033599853516	98.82054138183594	0.0	[17, 5, 11, 3, 13]	
NBTreeWSN_RODADA_1_5F(26)	99.43033599853516	98.82054138183594	0.0	[8, 17, 5, 11, 3]	
NBTreeWSN_RODADA_1_5F(27)	99.43033599853516	98.82054138183594	0.0	[8, 17, 5, 11, 3]	
NBTreeWSN_RODADA_1_5F(28)	99.43033599853516	98.82054138183594	0.0	[11, 17, 5, 3, 6]	
NBTreeWSN_RODADA_1_5F(29)	99.43033599853516	98.82054138183594	0.0	[17, 5, 11, 3, 13]	
NBTreeWSN_RODADA_1_5F(30)	99.43033599853516	98.82054138183594	0.0	[17, 5, 11, 3, 6]	
NBTreeWSN_RODADA_1_5F(31)	99.43033599853516	98.82054138183594	0.0	[5, 17, 11, 3, 13]	
NBTreeWSN_RODADA_1_5F(32)	99.43033599853516	98.82054138183594	0.0	[17, 5, 11, 3, 6]	
NBTreeWSN_RODADA_1_5F(33)	99.43033599853516	98.82054138183594	0.0	[17, 5, 11, 3, 12]	
NBTreeWSN_RODADA_1_5F(34)	99.43033599853516	98.82054138183594	0.0	[5, 17, 11, 3, 13]	
NBTreeWSN_RODADA_1_5F(35)	99.43033599853516	98.82054138183594	0.0	[5, 17, 11, 3, 12]	
NBTreeWSN_RODADA_1_5F(36)	99.43033599853516	98.82054138183594	0.0	[8, 17, 5, 11, 18]	
NBTreeWSN_RODADA_1_5F(37)	99.43033599853516	98.82054138183594	0.0	[17, 8, 5, 11, 3]	
NBTreeWSN_RODADA_1_5F(38)	99.43033599853516	98.82054138183594	0.0	[17, 8, 5, 11, 3]	
NBTreeWSN_RODADA_1_5F(39)	99.43033599853516	98.82054138183594	0.0	[17, 8, 5, 11, 3]	
NBTreeWSN_RODADA_1_5F(40)	99.43033599853516	98.82054138183594	0.0	[11, 17, 5, 6, 13]	
NBTreeWSN_RODADA_1_5F(41)	99.43033599853516	98.82054138183594	0.0	[5, 17, 11, 3, 6]	
NBTreeWSN_RODADA_1_5F(42)	99.43033599853516	98.82054138183594	0.0	[3, 11, 17, 5, 13]	
NBTreeWSN_RODADA_1_5F(43)	99.43033599853516	98.82054138183594	0.0	[5, 17, 11, 3, 13]	
NBTreeWSN_RODADA_1_5F(44)	99.43033599853516	98.82054138183594	0.0	[11, 17, 5, 3, 13]	
NBTreeWSN_RODADA_1_5F(45)	99.43033599853516	98.82054138183594	0.0	[5, 17, 11, 6, 12]	
NBTreeWSN_RODADA_1_5F(46)	99.43033599853516	98.82054138183594	0.0	[5, 11, 17, 3, 13]	
NBTreeWSN_RODADA_1_5F(47)	99.43033599853516	98.82054138183594	0.0	[5, 11, 17, 3, 13]	
NBTreeWSN_RODADA_1_5F(48)	99.43033599853516	98.82054138183594	0.0	[5, 17, 11, 3, 6]	
NBTreeWSN_RODADA_1_5F(49)	99.43033599853516	98.82054138183594	0.0	[17, 8, 5, 11, 7]	
NBTreeWSN_RODADA_1_5F(50)	99.43033599853516	98.82054138183594	0.0	[17, 5, 11, 3, 6]	
