NBTreeCIDIDS_RODADA_1_5F	ACURÁCIA	DETECÇÃO	ALARME-FALSO	SELECAO
NBTreeCIDIDS_RODADA_1_5F	ACURÁCIA	DETECÇÃO	ALARME-FALSO	SELECAO
NBTreeCIDIDS_RODADA_1_5F(1)	96.89386749267578	98.91556549072266	5.143206596374512	[40, 43, 49, 66, 13]	
NBTreeCIDIDS_RODADA_1_5F	ACURÁCIA	DETECÇÃO	ALARME-FALSO	SELECAO
NBTreeCIDIDS_RODADA_1_5F	ACURÁCIA	DETECÇÃO	ALARME-FALSO	SELECAO
NBTreeCIDIDS_RODADA_1_5F(1)	96.89386749267578	98.91556549072266	5.143206596374512	[40, 43, 49, 66, 13]	
NBTreeCIDIDS_RODADA_1_5F(2)	99.28947448730469	98.7672348022461	0.1843082457780838	[6, 64, 40, 43, 66]	
NBTreeCIDIDS_RODADA_1_5F(3)	99.28947448730469	98.7672348022461	0.1843082457780838	[6, 64, 40, 43, 66]	
NBTreeCIDIDS_RODADA_1_5F(4)	99.28947448730469	98.7672348022461	0.1843082457780838	[6, 64, 40, 43, 66]	
NBTreeCIDIDS_RODADA_1_5F(5)	99.28947448730469	98.7672348022461	0.1843082457780838	[6, 64, 40, 43, 66]	
NBTreeCIDIDS_RODADA_1_5F(6)	99.28947448730469	98.7672348022461	0.1843082457780838	[6, 64, 40, 43, 66]	
NBTreeCIDIDS_RODADA_1_5F(7)	99.28947448730469	98.7672348022461	0.1843082457780838	[6, 64, 40, 43, 66]	
NBTreeCIDIDS_RODADA_1_5F(8)	99.28947448730469	98.7672348022461	0.1843082457780838	[6, 64, 40, 43, 66]	
NBTreeCIDIDS_RODADA_1_5F(9)	99.28947448730469	98.7672348022461	0.1843082457780838	[6, 64, 40, 43, 49]	
NBTreeCIDIDS_RODADA_1_5F(10)	99.28947448730469	98.7672348022461	0.1843082457780838	[6, 64, 40, 43, 49]	
NBTreeCIDIDS_RODADA_1_5F(11)	99.28947448730469	98.7672348022461	0.1843082457780838	[6, 64, 40, 43, 49]	
NBTreeCIDIDS_RODADA_1_5F(12)	99.28947448730469	98.7672348022461	0.1843082457780838	[6, 64, 40, 43, 49]	
NBTreeCIDIDS_RODADA_1_5F(13)	99.28947448730469	98.7672348022461	0.1843082457780838	[6, 64, 40, 43, 49]	
NBTreeCIDIDS_RODADA_1_5F(14)	99.28947448730469	98.7672348022461	0.1843082457780838	[6, 64, 40, 43, 49]	
NBTreeCIDIDS_RODADA_1_5F(15)	99.28947448730469	98.7672348022461	0.1843082457780838	[6, 64, 40, 43, 49]	
NBTreeCIDIDS_RODADA_1_5F(16)	99.28947448730469	98.7672348022461	0.1843082457780838	[6, 64, 40, 43, 49]	
NBTreeCIDIDS_RODADA_1_5F(17)	99.28947448730469	98.7672348022461	0.1843082457780838	[6, 64, 40, 43, 49]	
NBTreeCIDIDS_RODADA_1_5F(18)	99.28947448730469	98.7672348022461	0.1843082457780838	[6, 64, 40, 43, 49]	
NBTreeCIDIDS_RODADA_1_5F(19)	99.28947448730469	98.7672348022461	0.1843082457780838	[6, 64, 40, 43, 49]	
NBTreeCIDIDS_RODADA_1_5F(20)	99.28947448730469	98.7672348022461	0.1843082457780838	[6, 64, 40, 43, 49]	
NBTreeCIDIDS_RODADA_1_5F(21)	99.28947448730469	98.7672348022461	0.1843082457780838	[6, 64, 40, 43, 49]	
NBTreeCIDIDS_RODADA_1_5F(22)	99.28947448730469	98.7672348022461	0.1843082457780838	[6, 64, 40, 43, 49]	
NBTreeCIDIDS_RODADA_1_5F(23)	99.28947448730469	98.7672348022461	0.1843082457780838	[6, 64, 40, 43, 49]	
NBTreeCIDIDS_RODADA_1_5F(24)	99.28947448730469	98.7672348022461	0.1843082457780838	[6, 64, 40, 43, 49]	
NBTreeCIDIDS_RODADA_1_5F(25)	99.28947448730469	98.7672348022461	0.1843082457780838	[6, 64, 40, 43, 49]	
NBTreeCIDIDS_RODADA_1_5F(26)	99.28947448730469	98.7672348022461	0.1843082457780838	[6, 64, 40, 43, 49]	
NBTreeCIDIDS_RODADA_1_5F(27)	99.28947448730469	98.7672348022461	0.1843082457780838	[6, 64, 40, 43, 49]	
NBTreeCIDIDS_RODADA_1_5F(28)	99.28947448730469	98.7672348022461	0.1843082457780838	[6, 64, 40, 43, 49]	
NBTreeCIDIDS_RODADA_1_5F(29)	99.28947448730469	98.7672348022461	0.1843082457780838	[6, 64, 40, 43, 49]	
NBTreeCIDIDS_RODADA_1_5F(30)	99.28947448730469	98.7672348022461	0.1843082457780838	[6, 64, 40, 43, 49]	
NBTreeCIDIDS_RODADA_1_5F(31)	99.28947448730469	98.7672348022461	0.1843082457780838	[6, 64, 40, 43, 49]	
NBTreeCIDIDS_RODADA_1_5F(32)	99.28947448730469	98.7672348022461	0.1843082457780838	[6, 64, 40, 43, 49]	
NBTreeCIDIDS_RODADA_1_5F(33)	99.28947448730469	98.7672348022461	0.1843082457780838	[6, 64, 40, 43, 49]	
NBTreeCIDIDS_RODADA_1_5F(34)	99.28947448730469	98.7672348022461	0.1843082457780838	[6, 64, 40, 43, 49]	
NBTreeCIDIDS_RODADA_1_5F(35)	99.28947448730469	98.7672348022461	0.1843082457780838	[6, 64, 40, 43, 49]	
NBTreeCIDIDS_RODADA_1_5F(36)	99.28947448730469	98.7672348022461	0.1843082457780838	[6, 64, 40, 43, 49]	
NBTreeCIDIDS_RODADA_1_5F(37)	99.28947448730469	98.7672348022461	0.1843082457780838	[6, 64, 40, 43, 49]	
NBTreeCIDIDS_RODADA_1_5F(38)	99.28947448730469	98.7672348022461	0.1843082457780838	[6, 64, 40, 43, 49]	
NBTreeCIDIDS_RODADA_1_5F(39)	99.28947448730469	98.7672348022461	0.1843082457780838	[6, 64, 40, 43, 49]	
NBTreeCIDIDS_RODADA_1_5F(40)	99.28947448730469	98.7672348022461	0.1843082457780838	[6, 64, 40, 43, 49]	
NBTreeCIDIDS_RODADA_1_5F(41)	99.28947448730469	98.7672348022461	0.1843082457780838	[6, 64, 40, 43, 49]	
NBTreeCIDIDS_RODADA_1_5F(42)	99.28947448730469	98.7672348022461	0.1843082457780838	[6, 64, 40, 43, 49]	
NBTreeCIDIDS_RODADA_1_5F(43)	99.28947448730469	98.7672348022461	0.1843082457780838	[6, 64, 40, 43, 49]	
NBTreeCIDIDS_RODADA_1_5F(44)	99.28947448730469	98.7672348022461	0.1843082457780838	[64, 43, 6, 49, 40]	
NBTreeCIDIDS_RODADA_1_5F(45)	99.28947448730469	98.7672348022461	0.1843082457780838	[64, 43, 6, 49, 40]	
NBTreeCIDIDS_RODADA_1_5F(46)	99.28947448730469	98.7672348022461	0.1843082457780838	[64, 43, 6, 49, 40]	
NBTreeCIDIDS_RODADA_1_5F(47)	99.28947448730469	98.7672348022461	0.1843082457780838	[64, 43, 6, 49, 40]	
NBTreeCIDIDS_RODADA_1_5F(48)	99.28947448730469	98.7672348022461	0.1843082457780838	[64, 43, 6, 49, 40]	
NBTreeCIDIDS_RODADA_1_5F(49)	99.28947448730469	98.7672348022461	0.1843082457780838	[64, 43, 6, 49, 40]	
NBTreeCIDIDS_RODADA_1_5F(50)	99.28947448730469	98.7672348022461	0.1843082457780838	[64, 43, 6, 49, 40]	
